#Parameters = {s=10000; gmesh=10; pathy=-1; pathx=0; bmesh=10; beamy=1; beamx=0; sigma=3; flangez2=45.2; flangez1=42.8; endz=10; sloty=3; Slotx=23; tapz1=147.1; tapz2=171.1}
#"Frequency / GHz"	"Y (3) [Real/Imaginary Part] - Z [Re]"	"Y (3) [Real/Imaginary Part] - Z [Im]"
#-----------------------------------------------------------------------------------------------
0.0000000000000	9.2815566509169e-12	48.252053707541
0.034130480899649	-7.6449602010577	9.4217306076183
0.068260961799298	1.4821128364094	5.9737709904823
0.10239144269895	3.9468551818852	1.7064782236625
0.13652192359860	3.1207199647205	-1.5666624490832
0.17065240449825	0.84636841302772	-2.8615905328834
0.20478288539790	-1.2004070295174	-2.2179672705162
0.23891336629754	-1.9655223800179	-0.57328150037272
0.27304384719719	-1.3513837106884	0.86778069819172
0.30717432809684	-0.045808565936638	1.3026008639510
0.34130480899649	1.0091946676809	0.68239549327623
0.37543528989614	1.2048770710282	-0.40446606255265
0.40956577079579	0.57083190062331	-1.1830038419143
0.44369625169544	-0.35456444306822	-1.2054541173523
0.47782673259509	-0.92877816430131	-0.56624536796190
0.51195721349474	-0.82376125596445	0.22715820250976
0.54608769439439	-0.19651847941382	0.63582481535973
0.58021817529404	0.47692524262989	0.43645921869744
0.61434865619369	0.74512257845986	-0.16710339843937
0.64847913709333	0.47466189515407	-0.72996057209342
0.68260961799298	-0.098770890078442	-0.87939535593236
0.71674009889263	-0.56032992099543	-0.55504443209159
0.75087057979228	-0.60929901440327	-0.018593264646520
0.78500106069193	-0.24877389266546	0.34914769434709
0.81913154159158	0.24293888092842	0.31390479218564
0.85326202249123	0.52248368466313	-0.067261370500000
0.88739250339088	0.41637894795932	-0.50842669537827
0.92152298429053	0.026397562987915	-0.70489352645958
0.95565346519018	-0.36099462236529	-0.54012874974046
0.98978394608983	-0.48129608247373	-0.15159205333292
1.0239144269895	-0.26977895782676	0.17986898494541
1.0580449078891	0.10714842204941	0.23093554615476
1.0921753887888	0.38091955557739	-0.015263437425810
1.1263058696884	0.37011156321574	-0.37184084554344
1.1604363505881	0.099286472464338	-0.58729366245762
1.1945668314877	-0.23010981220045	-0.52150398537497
1.2286973123874	-0.38800269968899	-0.23543311501482
1.2628277932870	-0.27456370025088	0.061608647425646
1.2969582741867	0.017533478439155	0.16418795818395
1.3310887550863	0.27770117774323	0.011435522159499
1.3652192359860	0.32780248181246	-0.27823785508677
1.3993497168856	0.14369857515290	-0.49801105775728
1.4334801977853	-0.13616887618850	-0.49894322602310
1.4676106786849	-0.31320285890697	-0.29072313518564
1.5017411595846	-0.26924713919258	-0.027124022750858
1.5358716404842	-0.044524347416529	0.10650100345770
1.5700021213839	0.19741716705039	0.023010173459891
1.6041326022835	0.28804960980452	-0.21061959712440
1.6382630831832	0.17060814224038	-0.42608327330287
1.6723935640828	-0.064750106526092	-0.47454012754014
1.7065240449825	-0.24978262202526	-0.32882491136900
1.7406545258821	-0.25769104298045	-0.097942615985196
1.7747850067818	-0.089570272286408	0.054253941140223
1.8089154876814	0.13115145527888	0.024627039970899
1.8430459685811	0.24904074102109	-0.15958699756504
1.8771764494807	0.18572164227595	-0.36476767870744
1.9113069303804	-0.0081625670163094	-0.44740392823964
1.9454374112800	-0.19298427536750	-0.35429102577943
1.9795678921797	-0.24013137151874	-0.15645099455363
2.0136983730793	-0.12132406437736	0.0044764993496086
2.0478288539790	0.075166585630004	0.017385100393192
2.0819593348786	0.20978806044523	-0.12214640308796
2.1160898157782	0.19054952034779	-0.31194342899243
2.1502202966779	0.035774143254095	-0.41800339359205
2.1843507775775	-0.14208878384831	-0.36892386528599
2.2184812584772	-0.21794302119952	-0.20387258517319
2.2526117393768	-0.14162973384553	-0.041891443654777
2.2867422202765	0.029153787035557	0.0035422537072725
2.3208727011761	0.17230773853892	-0.096255541072032
2.3550031820758	0.18836335728487	-0.26776274729747
2.3891336629754	0.069562170278398	-0.38904121716749
2.4232641438751	-0.097331049288439	-0.37672272762718
2.4573946247747	-0.19408988176864	-0.24303443789838
2.4915251056744	-0.15459566566810	-0.084887319155500
2.5256555865740	-0.0097600225571421	-0.013870916722427
2.5597860674737	0.13656712896899	-0.077928286015598
2.5939165483733	0.18197207231063	-0.22929802284258
2.6280470292730	0.097087715197513	-0.36029299999124
2.6621775101726	-0.055552007892644	-0.38002517942960
2.6963079910723	-0.16751694042709	-0.27761121466303
2.7304384719719	-0.16139591661265	-0.12786071742888
2.7645689528716	-0.044163395538375	-0.037021258837937
2.7986994337712	0.099631866618024	-0.067584494429784
2.8328299146709	0.16877493300044	-0.19572223667805
2.8669603955705	0.11672005354469	-0.32988325200709
2.9010908764702	-0.017242947017954	-0.37645639301173
2.9352213573698	-0.13738405959857	-0.30529960293586
2.9693518382695	-0.15989100520078	-0.16953388201799
3.0034823191691	-0.071231583324029	-0.066254749678568
3.0376128000688	0.063749019361904	-0.067698476514336
3.0717432809684	0.14917747309018	-0.17101034741781
3.1058737618681	0.12593120327367	-0.30184886339734
3.1400042427677	0.012527283329512	-0.36805747922158
3.1741347236674	-0.10955619782672	-0.32477475651215
3.2082652045670	-0.15425786468300	-0.20500761771894
3.2423956854667	-0.091600403547103	-0.094987440081009
3.2765261663663	0.032354425422600	-0.072598848133806
3.3106566472660	0.12907548573488	-0.15269670226188
3.3447871281656	0.13063268032687	-0.27781546081361
3.3789176090653	0.037077818872319	-0.35958432720637
3.4130480899649	-0.084586530441682	-0.34141982672970
3.4471785708646	-0.14853909369025	-0.23779444622062
3.4813090517642	-0.11058531937345	-0.12300734949944
3.5154395326639	0.0013367477542118	-0.078237834661758
3.5495700135635	0.10781548781685	-0.13454173774448
3.5837004944632	0.13433091728424	-0.25173550305529
3.6178309753628	0.063360014020467	-0.34755810580015
3.6519614562625	-0.054156027627220	-0.35591950087376
3.6860919371621	-0.13540966915041	-0.27279338088090
3.7202224180618	-0.12411221680046	-0.15820273480710
3.7543528989614	-0.029421823966361	-0.093317907437643
3.7884833798611	0.081446217574264	-0.12342802371104
3.8226138607607	0.13103561241970	-0.22685386791586
3.8567443416604	0.085930540548751	-0.33114003881731
3.8908748225600	-0.020527798158950	-0.36439101329301
3.9250053034597	-0.11253687870799	-0.30559097407357
3.9591357843593	-0.12531842414870	-0.19860603828534
3.9932662652590	-0.050351031984149	-0.12076535071270
4.0273967461586	0.059364459208266	-0.12847221436706
4.0615272270583	0.12682314095049	-0.21803635568155
4.0956577079579	0.10498823988928	-0.32880164758852
4.1297881888576	0.0092749910945175	-0.38571184645451
4.1639186697572	-0.093259544688331	-0.35145759626620
4.1980491506568	-0.13010495922797	-0.25233364095881
4.2321796315565	-0.072508075140312	-0.16065167654086
4.2663101124561	0.045772169909398	-0.14718023960932
4.3004405933558	0.15157807612086	-0.23763100086483
4.3345710742554	0.17930735572705	-0.40624460742760
4.3687015551551	0.10161977847899	-0.63017435066922
4.4028320360547	-0.24286749552195	-1.3060055467993
4.4369625169544	0.10277966386726	0.38021784398245
4.4710929978540	0.055694738444321	-0.036711712235789
4.5052234787537	0.081963975773780	-0.11759938110992
4.5393539596533	0.12341278707096	-0.19887898737366
4.5734844405530	0.12659487984110	-0.30221272162406
4.6076149214526	0.072934789303004	-0.39233301873269
4.6417454023523	-0.014403891101047	-0.43356296029488
4.6758758832519	-0.092584261839693	-0.42245387067455
4.7100063641516	-0.13389296628758	-0.38948560695348
4.7441368450512	-0.14690265193333	-0.37270640137679
4.7782673259509	-0.16795940316350	-0.38501855914354
4.8123978068505	-0.22935153636257	-0.40072286851179
4.8465282877502	-0.32806013846154	-0.37273876278280
4.8806587686498	-0.41902274871800	-0.26913122878597
4.9147892495495	-0.43893382960096	-0.10317498358538
4.9489197304491	-0.34447628337608	0.062405252950638
4.9830502113488	-0.14538403055090	0.12926204999342
5.0171806922484	0.019262305951022	0.0074195292867410
5.0513111731481	0.0014067192812138	-0.11101001773359
5.0854416540477	-0.027381273369522	-0.15874802311736
5.1195721349474	-0.076871379418264	-0.18485292409818
5.1537026158470	-0.12972264376557	-0.15684791918545
5.1878330967467	-0.13395927414798	-0.089596877868797
5.2219635776463	-0.075998875782172	-0.040685938486941
5.2560940585460	0.0040089950706767	-0.052469655227049
5.2902245394456	0.051173123191140	-0.11875234167575
5.3243550203453	0.036442536008122	-0.19550444396518
5.3584855012449	-0.026323286851226	-0.23327332545660
5.3926159821446	-0.091623857081838	-0.21036737207284
5.4267464630442	-0.11400451949455	-0.14623482007006
5.4608769439439	-0.078063863273862	-0.086833638076033
5.4950074248435	-0.0071039778689053	-0.073794382373360
5.5291379057432	0.052302033097332	-0.11804163459878
5.5632683866428	0.060247774613156	-0.19140989911612
5.5973988675425	0.012330625456450	-0.24407724093567
5.6315293484421	-0.055227389512408	-0.24034794209165
5.6656598293418	-0.091589125650119	-0.18602711642073
5.6997903102414	-0.069100572904060	-0.12402138134329
5.7339207911411	-0.0033219196770959	-0.10290059009534
5.7680512720407	0.058460085928294	-0.14160896915446
5.8021817529404	0.071427555905219	-0.21600659968563
5.8363122338400	0.025279119191357	-0.27618556444051
5.8704427147397	-0.048407586822027	-0.28216617049360
5.9045731956393	-0.098724756906710	-0.23233508558265
5.9387036765390	-0.091735302936676	-0.16459370007001
5.9728341574386	-0.034659538386091	-0.12920078610382
6.0069646383383	0.029466208598287	-0.15281317178913
6.0410951192379	0.052773138492172	-0.21970486080213
6.0752256001376	0.016498072101214	-0.28356479535699
6.1093560810372	-0.056915121882145	-0.30066402807200
6.1434865619369	-0.12160720727299	-0.25896125008018
6.1776170428365	-0.13857992667216	-0.17982811371312
6.2117475237362	-0.084942752318558	-0.10823959689155
6.2458780046358	0.0070171482434246	-0.10992389135264
6.2800084855354	0.058611611035952	-0.17846464510799
6.3141389664351	0.042108648002299	-0.25628396083048
6.3482694473347	-0.022668255175897	-0.29274142402443
6.3823999282344	-0.088084170390905	-0.26866259462702
6.4165304091340	-0.10944545958890	-0.20614567971550
6.4506608900337	-0.074446706151893	-0.15241579123805
6.4847913709333	-0.010542226532225	-0.14685630981102
6.5189218518330	0.035043887494924	-0.19395790780578
6.5530523327326	0.028642603405243	-0.26084421710796
6.5871828136323	-0.026399094472386	-0.30080957093857
6.6213132945319	-0.092414501548034	-0.28634122277823
6.6554437754316	-0.12417171770964	-0.22834411402462
6.6895742563312	-0.10081445306106	-0.16826429485394
6.7237047372309	-0.040385437196758	-0.14868926628820
6.7578352181305	0.013078133484200	-0.18336026007816
6.7919656990302	0.020736319920989	-0.24765495980151
6.8260961799298	-0.023727638519103	-0.29611909259778
6.8602266608295	-0.089789475123627	-0.29462966509865
6.8943571417291	-0.13176120600730	-0.24439253291294
6.9284876226288	-0.12105045448473	-0.18097029412442
6.9626181035284	-0.066251605094896	-0.14912442280554
6.9967485844281	-0.0070086520899252	-0.17125298936306
7.0308790653277	0.013986971867531	-0.23161804951023
7.0650095462274	-0.018864072203291	-0.28753957591558
7.0991400271270	-0.083145458266819	-0.29954546252270
7.1332705080267	-0.13424801921941	-0.25918813927417
7.1674009889263	-0.13689300660239	-0.19500470006949
7.2015314698260	-0.089939363740943	-0.15233345749985
7.2356619507256	-0.027313848254388	-0.16167508176420
7.2697924316253	0.0057618211315351	-0.21683034777535
7.3039229125249	-0.015891164453669	-0.27923446390869
7.3380533934246	-0.079099317984574	-0.30364012295880
7.3721838743242	-0.13876415868351	-0.27062531172964
7.4063143552239	-0.15116138598364	-0.20537611233513
7.4404448361235	-0.11103828827133	-0.15587015020935
7.4745753170232	-0.048972078331287	-0.15437144874228
7.5087057979228	-0.0078435995101660	-0.20050223574692
7.5428362788225	-0.016120946903024	-0.26226557548192
7.5769667597221	-0.068443194086581	-0.29693953370078
7.6110972406218	-0.12884047226476	-0.28066068695594
7.6452277215214	-0.15570572880790	-0.22524560410569
7.6793582024211	-0.13098811549175	-0.17008280859625
7.7134886833207	-0.072721075884802	-0.15483394321956
7.7476191642204	-0.023331305030275	-0.19016755453137
7.7817496451200	-0.018132870815295	-0.25308938007112
7.8158801260197	-0.062435333811220	-0.30032193876124
7.8500106069193	-0.12696914898416	-0.30038831188961
7.8841410878190	-0.16892524453119	-0.25538211342625
7.9182715687186	-0.16234387636051	-0.19963462485348
7.9524020496183	-0.11695962285515	-0.17591023451853
7.9865325305179	-0.072873965950824	-0.20637634312696
8.0206630114176	-0.077982383395744	-0.27921936917259
8.0547934923172	-0.18569181875856	-0.35988354288551
8.0889239732169	-0.50562438537066	-0.0089763279224596
8.1230544541165	-0.099986426580354	-0.069511625506630
8.1571849350162	-0.10753515089087	-0.091852651747019
8.1913154159158	-0.066441471251943	-0.077460566656917
8.2254458968155	-0.0037009476632558	-0.10093106694916
8.2595763777151	0.034522313553308	-0.16819868454488
8.2937068586147	0.019985957055634	-0.24771937535110
8.3278373395144	-0.040907239585152	-0.29909102128904
8.3619678204140	-0.11536436185126	-0.30358957500909
8.3960983013137	-0.17774358289627	-0.28377542838275
8.4302287822133	-0.49333735244636	-0.46594975757072
8.4643592631130	0.023589794821447	-0.10363040580948
8.4984897440126	0.0024485881061641	-0.17155360163927
8.5326202249123	-0.018322873106126	-0.22426736046654
8.5667507058119	-0.064988235988581	-0.25043513871095
8.6008811867116	-0.11295145140692	-0.23343018132280
8.6350116676112	-0.12828534544394	-0.18482989824484
8.6691421485109	-0.096508840353466	-0.14037063123020
8.7032726294105	-0.035572011770010	-0.13627693517369
8.7374031103102	0.014290953118049	-0.18642640846498
8.7715335912098	0.0096969995038664	-0.21320641652400
8.8056640721095	-0.026006288078073	-0.29148028863326
8.8397945530091	-0.092242229240359	-0.29783151624353
8.8739250339088	-0.13486944981710	-0.25263972811732
8.9080555148084	-0.12277615568229	-0.19156651284786
8.9421859957081	-0.060624256628091	-0.16202403012267
8.9763164766077	0.013077943353036	-0.19306893657652
9.0104469575074	0.051026890157192	-0.27568639495843
9.0445774384070	0.031233737020454	-0.37138657138464
9.0787079193067	-0.038634385839857	-0.44825943683264
9.1128384002063	-0.13995169239875	-0.49037822971964
9.1469688811060	-0.25737156371321	-0.51388200412083
9.1810993620056	-0.76648417676858	-0.53133384627009
9.2152298429053	0.20693128981012	0.27029029663225
9.2493603238049	0.23958537224317	-0.25537923784146
9.2834908047046	0.17374882755554	-0.53659411626325
9.3176212856042	0.0094420153378003	-0.80346647315941
9.3517517665039	-0.31860683459925	-1.1221634325057
9.3858822474035	-1.9454914515496	-2.7695857882015
9.4200127283032	0.36397836853223	0.090552313039295
9.4541432092028	-0.17829628957232	-0.70512212108042
9.4882736901025	-1.8192179579725	1.1088676929794
9.5224041710021	-0.24326887719601	0.39322324364847
9.5565346519018	-0.16548243507329	0.23726745222459
9.5906651328014	-0.11244213515469	0.16288748302821
9.6247956137011	-0.071253032450678	0.095863752753761
9.6589260946007	-0.059196038503081	0.034871957878782
9.6930565755004	-0.072105777417333	0.0014596051660689
9.7271870564000	-0.077221843372358	-0.055452725818946
9.7613175372997	-0.072678996668090	-0.048029561782624
9.7954480181993	-0.10680493282354	-0.088891853622219
9.8295784990990	-0.12328186442846	-0.052308736583616
9.8637089799986	-0.10669486798400	-0.024959449580389
9.8978394608983	-0.062925522987533	-0.018262255572939
9.9319699417979	-0.046257787209037	-0.041312849274128
9.9661004226976	-0.029578435967803	-0.090649545381452
10.000230903597	-0.053621448009248	-0.12548804594517
10.034361384497	-0.091926466774484	-0.13663869092090
10.068491865397	-0.12340733826167	-0.11779845601083
10.102622346296	-0.12911837528474	-0.083595013513929
10.136752827196	-0.10633455491168	-0.057855525614629
10.170883308095	-0.071256906591816	-0.059323157047851
10.205013788995	-0.049649368057408	-0.087610917854404
10.239144269895	-0.057189102955807	-0.12234273442888
10.273274750794	-0.088452575144650	-0.13903242438153
10.307405231694	-0.12190605035642	-0.12572412965762
10.341535712594	-0.13410891861310	-0.090156076398968
10.375666193493	-0.11442769939057	-0.055514408644363
10.409796674393	-0.073899442664934	-0.046357203808575
10.443927155293	-0.039196807185823	-0.069501988785884
10.478057636192	-0.031043732737092	-0.10965645065159
10.512188117092	-0.054400344750636	-0.14430743781493
10.546318597992	-0.097836372112052	-0.14739726927096
10.580449078891	-0.12376008807192	-0.11396540199594
10.614579559791	-0.11294626869375	-0.075146419163735
10.648710040691	-0.076426301071770	-0.059708136788605
10.682840521590	-0.041096430738102	-0.077668261735219
10.716971002490	-0.031438636449852	-0.11612874770856
10.751101483389	-0.053837203164763	-0.14859723162545
10.785231964289	-0.092650337995833	-0.15303840301518
10.819362445189	-0.12111096146304	-0.12684307977328
10.853492926088	-0.11981055980441	-0.088492148765376
10.887623406988	-0.090078598410257	-0.064669741123888
10.921753887888	-0.052889655151819	-0.071696294141464
10.955884368787	-0.034819780880738	-0.10425748535617
10.990014849687	-0.048075050264273	-0.13874073205800
11.024145330587	-0.083123073219420	-0.15044834070352
11.058275811486	-0.11488721858075	-0.13070789436054
11.092406292386	-0.12056104749483	-0.093121218071056
11.126536773286	-0.095810446816440	-0.063779856653576
11.160667254185	-0.057647872514025	-0.062777255063094
11.194797735085	-0.032302403862625	-0.090147377130849
11.228928215985	-0.036689993234171	-0.12598286943876
11.263058696884	-0.066558410848194	-0.14455493589407
11.297189177784	-0.099485241111825	-0.13252783939367
11.331319658684	-0.11092685953870	-0.098512641139581
11.365450139583	-0.091513785851627	-0.066712276048088
11.399580620483	-0.053756385471398	-0.059996981678484
11.433711101382	-0.023173182227036	-0.083531442450179
11.467841582282	-0.020096017097364	-0.12107538006543
11.501972063182	-0.045342780909461	-0.14737150531778
11.536102544081	-0.079908276408132	-0.14454725531533
11.570233024981	-0.098435843990110	-0.11644428577964
11.604363505881	-0.087485153910868	-0.084475888977357
11.638493986780	-0.054609087918756	-0.072518243844117
11.672624467680	-0.022479288708728	-0.090197260838440
11.706754948580	-0.012335052113353	-0.12705947616144
11.740885429479	-0.029603927296432	-0.16322019518964
11.775015910379	-0.073868864730813	-0.18675912082084
11.809146391279	-0.13425439677843	-0.15023148333654
11.843276872178	-0.12691699888588	-0.088854132652948
11.877407353078	-0.086642260109188	-0.061311196229292
11.911537833978	-0.045276935467902	-0.069865104700531
11.945668314877	-0.026302005035728	-0.10267875337420
11.979798795777	-0.038825992458080	-0.13530160783737
12.013929276677	-0.071106257675565	-0.14446687258872
12.048059757576	-0.097880982691977	-0.12380575345935
12.082190238476	-0.097992961472676	-0.088549019450040
12.116320719375	-0.069763116633543	-0.064351289813673
12.150451200275	-0.032881571652538	-0.071257105389724
12.184581681175	-0.0097148485111167	-0.10340276063933
12.218712162074	-0.020355921705666	-0.14134759731010
12.252842642974	-0.055574632946949	-0.15728686023128
12.286973123874	-0.090102343824974	-0.14364185706363
12.321103604773	-0.10143320123261	-0.10700087144118
12.355234085673	-0.079807100962708	-0.077160033973193
12.389364566573	-0.044313362115750	-0.070588809703358
12.423495047472	-0.017299454832867	-0.092607153631731
12.457625528372	-0.019182281728413	-0.13488760403666
12.491756009272	-0.047367060592984	-0.14961141380450
12.525886490171	-0.084561558478153	-0.14715087294479
12.560016971071	-0.099909773563032	-0.11016918780603
12.594147451971	-0.082637341071014	-0.073853552151855
12.628277932870	-0.042114598528698	-0.060297890575195
12.662408413770	-0.00073410935916137	-0.079144071217324
12.696538894669	-0.0094435933327791	-0.13590002358752
12.730669375569	-0.027690498130254	-0.15617119613058
12.764799856469	-0.058048443258160	-0.17359547209933
12.798930337368	-0.11628375744631	-0.14413880961122
12.833060818268	-0.088790383662150	-0.080723551375141
12.867191299168	-0.048957012037489	-0.086368964187231
12.901321780067	-0.026288383825356	-0.079293509660951
12.935452260967	0.0034593170223235	-0.11218794370666
12.969582741867	-0.038193305105232	-0.15129070824788
13.003713222766	-0.062080577095461	-0.15272438732478
13.037843703666	-0.085720755040581	-0.13050748457545
13.071974184566	-0.083151988767378	-0.096327517775344
13.106104665465	-0.054404732315467	-0.076062197895542
13.140235146365	-0.020209568864428	-0.084884633535229
13.174365627265	-0.0044275498497716	-0.11610981700981
13.208496108164	-0.017413489484421	-0.14840147930813
13.242626589064	-0.050443185683975	-0.15937620894772
13.276757069964	-0.082133806014693	-0.13934762393492
13.310887550863	-0.085007636956668	-0.10298940952900
13.345018031763	-0.056865417156269	-0.076660587100907
13.379148512662	-0.024487323858616	-0.081374831043671
13.413278993562	6.8873577920361e-05	-0.10588656442553
13.447409474462	-0.0071042050114765	-0.14660508459580
13.481539955361	-0.036465979597327	-0.16189231476154
13.515670436261	-0.068807083549586	-0.14968650464298
13.549800917161	-0.076683993365810	-0.11960055711046
13.583931398060	-0.062423127916242	-0.086770448126480
13.618061878960	-0.026023054039205	-0.079736677716019
13.652192359860	0.0040616271039472	-0.10544024334596
13.686322840759	0.0056891933916990	-0.14371176642376
13.720453321659	-0.022808871729936	-0.16997880582774
13.754583802559	-0.060560535238147	-0.16511215648472
13.788714283458	-0.080115664051453	-0.13324954129391
13.822844764358	-0.067388590885317	-0.098575517903624
13.856975245258	-0.032531481144942	-0.086985892871152
13.891105726157	-0.0012623046261050	-0.10639952959078
13.925236207057	0.0037959946072016	-0.14248646036596
13.959366687957	-0.018128464954879	-0.16867297935563
13.993497168856	-0.055853337090108	-0.17004742246526
14.027627649756	-0.079696654374101	-0.14160954856583
14.061758130655	-0.072829168984229	-0.10473497823301
14.095888611555	-0.039692939464699	-0.085918011342670
14.130019092455	-0.0033897600273294	-0.098821302263221
14.164149573354	0.010797811122528	-0.13457087339801
14.198280054254	-0.0066209546290415	-0.16815969269884
14.232410535154	-0.042687726731028	-0.17629319636744
14.266541016053	-0.071197842117313	-0.15372792429243
14.300671496953	-0.071213854106950	-0.11723111478792
14.334801977853	-0.041970247248222	-0.093773876609526
14.368932458752	-0.0038717036686603	-0.10160395638773
14.403062939652	0.015547928831317	-0.13651109551525
14.437193420552	0.0023435108250879	-0.17473260795852
14.471323901451	-0.036651192690963	-0.19129147558061
14.505454382351	-0.073313009375689	-0.16675490592236
14.539584863251	-0.075466580547852	-0.12747838750130
14.573715344150	-0.047546444828269	-0.10025197007205
14.607845825050	-0.0077038371149893	-0.10404169372551
14.641976305949	0.015263619445578	-0.13777520913397
14.676106786849	0.0054814541325470	-0.17569455975206
14.710237267749	-0.028140417426848	-0.19393747610385
14.744367748648	-0.063356496696017	-0.18030816352338
14.778498229548	-0.074382191682414	-0.14447126815706
14.812628710448	-0.052338153444687	-0.11346912746804
14.846759191347	-0.013263499572346	-0.11134294065772
14.880889672247	0.014822268315535	-0.13998362555496
14.915020153147	0.014182162355525	-0.18046977997137
14.949150634046	-0.018118616673290	-0.21713748885419
14.983281114946	-0.066324551288479	-0.19769962311232
15.017411595846	-0.076878498829069	-0.15814689835724
15.051542076745	-0.050506640125952	-0.12693819488989
15.085672557645	-0.010314690369932	-0.13017291092517
15.119803038545	0.020938514459114	-0.16077738610898
15.153933519444	0.025641322353671	-0.21591256286226
15.188064000344	-0.0096281067785038	-0.27129809678977
15.222194481244	-0.087996589603912	-0.30965730924298
15.256324962143	-0.40177468219887	-0.51660633308473
15.290455443043	0.013802163500272	-0.13155434812279
15.324585923942	-0.015515894644921	-0.17501818954956
15.358716404842	-0.020843878087276	-0.22693937267052
15.392846885742	-0.078122490990701	-0.31657812568850
15.426977366641	-0.67702715659009	-0.71907040034012
15.461107847541	0.020314278181560	-0.10125892694629
15.495238328441	-0.083401490530892	-0.14338209171001
15.529368809340	-0.10417648363466	-0.097824670088496
15.563499290240	-0.067142967588708	-0.061030537210494
15.597629771140	-0.0095410837869242	-0.067464856315680
15.631760252039	0.026908371439994	-0.11490774414158
15.665890732939	0.018938191710358	-0.17201503731874
15.700021213839	-0.022402730419465	-0.20223361018002
15.734151694738	-0.12353170662486	-0.16283689050915
15.768282175638	-0.089895041648279	-0.13121489723454
15.802412656538	-0.054170020315685	-0.10150942363138
15.836543137437	-0.00087222435242745	-0.10143982133559
15.870673618337	0.039261003745953	-0.14923053200530
15.904804099237	0.031903653462275	-0.21591085663445
15.938934580136	-0.021751505840604	-0.25874257475480
15.973065061036	-0.087747795018872	-0.25012458952806
16.007195541935	-0.12104128645542	-0.19685935408088
16.041326022835	-0.073346018596431	-0.14532786548725
16.075456503735	-0.81353852505855	0.094025532544226
16.109586984634	-0.077832214621631	-0.055258572688441
16.143717465534	-0.017555299510194	-0.11242857832821
16.177847946434	-0.017618149601219	-0.16702009184130
16.211978427333	-0.042744222285844	-0.17603592639305
16.246108908233	-0.057071654334242	-0.16367668895676
16.280239389133	-0.037207786371897	-0.14563735935531
16.314369870032	0.0050089247085216	-0.14949078504371
16.348500350932	0.052298490874244	-0.22313594853015
16.382630831832	0.030240638783679	-0.33162761341389
16.416761312731	-0.076888265869661	-0.43199209120049
16.450891793631	-0.28022195039746	-0.49216133819667
16.485022274531	-2.0745645681060	-0.93979944987049
16.519152755430	-0.10614333815407	-0.11053167242095
16.553283236330	-0.17618165082368	-0.041741593123960
16.587413717229	-0.10841281322511	0.0087702579028130
16.621544198129	-0.021251110315611	-0.0064028969233660
16.655674679029	0.030157694125242	-0.072458473788080
16.689805159928	0.031475500472363	-0.14319999987337
16.723935640828	-0.012339567997045	-0.18622753561656
16.758066121728	-0.055936325566049	-0.18305054629219
16.792196602627	-0.070302045107999	-0.15455450241935
16.826327083527	-0.050065193181786	-0.13257730669700
16.860457564427	-0.015916709293241	-0.14234803768106
16.894588045326	0.00084468668433592	-0.18031384965714
16.928718526226	-0.014559871776439	-0.22274506159530
16.962849007126	-0.15752398950421	-0.23386431126955
16.996979488025	-0.060815048981286	-0.23032557423413
17.031109968925	-0.076499963440483	-0.20413548196845
17.065240449825	-0.046341852334840	-0.21170547496056
17.099370930724	-0.018391642525298	-0.26892349472584
17.133501411624	-0.039054966891271	-0.40579315565863
17.167631892524	-0.50729299878196	-0.72974645813135
17.201762373423	-0.20376955373127	0.12087872592616
17.235892854323	-0.10406682810585	0.019379481587160
17.270023335222	-0.050538772445804	-0.10038299650982
17.304153816122	-0.032920437135587	-0.15647635002443
17.338284297022	-0.031938138386054	-0.23325486975377
17.372414777921	-0.047310839244411	-0.34701365010945
17.406545258821	-0.16773168625371	-0.56352555049647
17.440675739721	-2.1701239877840	-0.58981067809066
17.474806220620	-0.23236167846136	0.26714906945453
17.508936701520	-0.18554907093021	0.14481862304011
17.543067182420	-0.12159770011318	0.13495123968613
17.577197663319	-0.037914676042877	0.10324547958009
17.611328144219	0.022187200733026	0.027977716827803
17.645458625119	0.023983864878132	-0.067748169487695
17.679589106018	-0.12297488421850	-0.18316008114678
17.713719586918	-0.064989796197348	-0.094537221467322
17.747850067818	-0.10494288307332	-0.072535996158947
17.781980548717	-0.098139127489791	-0.027284214061532
17.816111029617	-0.051119938721778	-0.0033962520190933
17.850241510517	0.0046983122733118	-0.027151124942976
17.884371991416	0.024884817254264	-0.084855792459781
17.918502472316	-0.00053615141795207	-0.13631037724093
17.952632953215	-0.048809414576583	-0.15078923810716
17.986763434115	-0.082841291279112	-0.12703176470366
18.020893915015	-0.077119595828793	-0.094776245253622
18.055024395914	-0.040855132424072	-0.11648593298763
18.089154876814	-0.16499667186664	-0.0013012782939803
18.123285357714	-0.0085975095785672	-0.051735282348343
18.157415838613	-0.014947542926425	-0.11559375118861
18.191546319513	-0.049604861380487	-0.13646060884838
18.225676800413	-0.084154930654989	-0.12278086594739
18.259807281312	-0.088241511650708	-0.081948658827246
18.293937762212	-0.058114228939416	-0.056397237574342
18.328068243112	-0.014700644605102	-0.065915771123682
18.362198724011	0.0036030046848371	-0.11252158792436
18.396329204911	-0.025778878577681	-0.14581563727704
18.430459685811	-0.048210654207111	-0.14145812512242
18.464590166710	-0.078464364570478	-0.13505384798943
18.498720647610	-0.089089689362828	-0.10088442529631
18.532851128510	-0.066549144381770	-0.068509837448980
18.566981609409	-0.024249319042512	-0.065961374808657
18.601112090309	0.0074410790116435	-0.097822415015075
18.635242571208	0.0048882959898660	-0.14443326963721
18.669373052108	-0.029931072240758	-0.17261821221333
18.703503533008	-0.078298333414111	-0.16062213005529
18.737634013907	-0.090804790780906	-0.12713287913378
18.771764494807	-0.074736464948968	-0.10305641286274
18.805894975707	-0.088159499875225	-0.069064054978155
18.840025456606	0.0070442003992410	-0.083680233134700
18.874155937506	0.0091509378126052	-0.13484373716043
18.908286418406	-0.021225450359658	-0.17036320352869
18.942416899305	-0.065044469401847	-0.17126824067426
18.976547380205	-0.091231906515156	-0.13911479000345
19.010677861105	-0.091121854964424	-0.10061332823745
19.044808342004	-0.055777546106774	-0.072735346629713
19.078938822904	-0.011199084763468	-0.089367094490899
19.113069303804	0.0052436777981896	-0.13168249763805
19.147199784703	-0.015965417106862	-0.17015502235971
19.181330265603	-0.057113449199475	-0.17878511935539
19.215460746502	-0.090151932004061	-0.15161767208215
19.249591227402	-0.097688889763381	-0.11249190260407
19.283721708302	-0.053587083167337	-0.086462514930983
19.317852189201	-0.013536305618109	-0.097993375442433
19.351982670101	0.0056733274626979	-0.13736912476425
19.386113151001	-0.010597744011561	-0.17909776111075
19.420243631900	-0.051364625038730	-0.19592953146019
19.454374112800	-0.092157567756835	-0.18106067980931
19.488504593700	-0.094772181625267	-0.12979521003830
19.522635074599	-0.071573376751488	-0.10052520251520
19.556765555499	-0.029496706062422	-0.11127124794236
19.590896036399	-0.026969847016984	-0.12391969835652
19.625026517298	-0.019193904533524	-0.17954964831990
19.659156998198	-0.061531263954767	-0.20697720910249
19.693287479098	-0.11315076094913	-0.18961830032633
19.727417959997	-0.12488238158101	-0.14167371118842
19.761548440897	-0.11654168935803	-0.15299183963780
19.795678921797	-0.11408682136880	-0.063786979231703
19.829809402696	-0.026422617099151	-0.067331513675025
19.863939883596	-0.017447346543903	-0.13779810675703
19.898070364495	-0.041806444354711	-0.17268755591280
19.932200845395	-0.084396178496116	-0.17983392773529
19.966331326295	-0.11898640501232	-0.12659766671417
20.000461807194	-0.091562677395915	-0.098298906591279
20.034592288094	-0.057564821138114	-0.086935396671929
20.068722768994	-0.021998908175565	-0.11098432191861
20.102853249893	-0.019332720782515	-0.15132887570105
20.136983730793	-0.047561233268493	-0.18342644263962
20.171114211693	-0.090267609183585	-0.18235135468452
20.205244692592	-0.11893232306661	-0.15120673251936
20.239375173492	-0.11257437789159	-0.10870946461596
20.273505654392	-0.077935525039255	-0.087383450876778
20.307636135291	-0.038735436417824	-0.10056023678335
20.341766616191	-0.025778814966502	-0.14012546127581
20.375897097091	-0.050927612444559	-0.17418042650878
20.410027577990	-0.091430290042181	-0.17604400655863
20.444158058890	-0.11438091763648	-0.14357689146929
20.478288539790	-0.11345207541354	-0.11224288307144
20.512419020689	-0.084806800839424	-0.086173753387824
20.546549501589	-0.045790577598420	-0.093253150370280
20.580679982488	-0.026733741017299	-0.12887593828015
20.614810463388	-0.041664225361680	-0.16513375133018
20.648940944288	-0.081353925356200	-0.17885372250577
20.683071425187	-0.11883913230230	-0.15709882807893
20.717201906087	-0.12513564536248	-0.11275766530173
20.751332386987	-0.099075971210826	-0.081361097666712
20.785462867886	-0.057388113625197	-0.078667134352601
20.819593348786	-0.029130171602185	-0.10885203075897
20.853723829686	-0.034746352067131	-0.14944114600695
20.887854310585	-0.070841151468620	-0.16963806880104
20.921984791485	-0.10679551222256	-0.15367564697230
20.956115272385	-0.11990799654444	-0.11749295258303
20.990245753284	-0.10048105010158	-0.082418172324635
21.024376234184	-0.060036639182001	-0.075081392494631
21.058506715084	-0.028756242678890	-0.089485215694686
21.092637195983	-0.024115509463670	-0.13680515102150
21.126767676883	-0.059591624037193	-0.16540689039189
21.160898157782	-0.093069839087479	-0.15776935910507
21.195028638682	-0.11515803607893	-0.12317288358735
21.229159119582	-0.10379998641332	-0.083642902519074
21.263289600481	-0.063040575886091	-0.066858963703451
21.297420081381	-0.024127248528552	-0.086133671489042
21.331550562281	-0.012218064004916	-0.12690599462963
21.365681043180	-0.035623071934531	-0.16596727970010
21.399811524080	-0.081115564331833	-0.16713094155386
21.433942004980	-0.10785389300443	-0.13556872107400
21.468072485879	-0.10146296570739	-0.095133270474214
21.502202966779	-0.069549943007251	-0.072642543800995
21.536333447679	-0.026089059568885	-0.082628272994838
21.570463928578	-0.0076740390322972	-0.12228171961938
21.604594409478	-0.024388235795506	-0.16042842699926
21.638724890378	-0.063073485830268	-0.17216382234110
21.672855371277	-0.096066817564258	-0.14960178160995
21.706985852177	-0.098448569340847	-0.10955133139200
21.741116333077	-0.067734516625989	-0.081840874120737
21.775246813976	-0.025175987851778	-0.087599767275400
21.809377294876	-0.00029606194417507	-0.12351107674656
21.843507775775	-0.0094331833619433	-0.16582366038872
21.877638256675	-0.044754306077215	-0.18662923316880
21.911768737575	-0.080684278337771	-0.17456140773696
21.945899218474	-0.093724316642977	-0.13953565255901
21.980029699374	-0.069116675650325	-0.11028863211161
22.014160180274	-0.029205341423313	-0.11126748696538
22.048290661173	7.0138558628347e-05	-0.14459886404481
22.082421142073	-0.0014746528950642	-0.19193148559981
22.116551622973	-0.032311138273965	-0.22594352816220
22.150682103872	-0.070136060551715	-0.23150284412002
22.184812584772	-0.087993389022752	-0.22042009792967
22.218943065672	-0.081746721029853	-0.22738053036040
22.253073546571	-0.089297743839486	-0.29519006761787
22.287204027471	-0.40796388881854	-0.41866714622926
22.321334508371	-0.11281643565445	-0.017632207824469
22.355464989270	-0.069362179272575	-0.19079319548128
22.389595470170	-0.44669130235814	-0.076278620352162
22.423725951070	-0.44236305703125	-0.033986109405910
22.457856431969	-0.22646111234229	0.074443923237900
22.491986912869	-0.14621738760194	0.075054631972698
22.526117393768	-0.051479501517669	0.049821545985926
22.560247874668	-0.014944901548710	-0.024809212844428
22.594378355568	-0.031965274012161	-0.090865859560490
22.628508836467	-0.087324452234433	-0.10678425252784
22.662639317367	-0.12179579015991	-0.074164327365384
22.696769798267	-0.11699716236975	-0.029423669613363
22.730900279166	-0.067054705592282	0.0063068826611201
22.765030760066	-0.013970707336374	-0.016745827042421
22.799161240966	0.015315321934470	-0.068279921442807
22.833291721865	-0.0063075972403499	-0.12015117540968
22.867422202765	-0.053418588420677	-0.13619557764170
22.901552683665	-0.092212106111848	-0.11349395565577
22.935683164564	-0.099106307138019	-0.068187003382406
22.969813645464	-0.066330812145351	-0.034263003719842
23.003944126364	-0.017562720947465	-0.037744309926989
23.038074607263	0.012770231862077	-0.077421978782562
23.072205088163	0.0024273090320965	-0.12603039585436
23.106335569062	-0.035285842379586	-0.14828927358299
23.140466049962	-0.081120256981488	-0.13486580771221
23.174596530862	-0.096423624560206	-0.090312041560613
23.208727011761	-0.070023288164069	-0.050254785423755
23.242857492661	-0.021062133162361	-0.045447585581458
23.276987973561	0.015248252537380	-0.079383658979498
23.311118454460	0.014503928536966	-0.12657850546131
23.345248935360	-0.021129601131168	-0.16153174664753
23.379379416260	-0.068946816444612	-0.15524548357452
23.413509897159	-0.093794451235711	-0.11530630882772
23.447640378059	-0.078127192151811	-0.071097696660466
23.481770858959	-0.033266830284264	-0.055457383682149
23.515901339858	0.0088965976443784	-0.080490529236353
23.550031820758	0.017103145419414	-0.12924871482319
23.584162301658	-0.014630257879981	-0.16759957920457
23.618292782557	-0.063619537608295	-0.16764062079949
23.652423263457	-0.094292616266662	-0.13140137064724
23.686553744357	-0.086271353202340	-0.084856430693797
23.720684225256	-0.044743418732143	-0.060555730156706
23.754814706156	0.0013550402245151	-0.077083488700950
23.788945187055	0.019380488192365	-0.12195527880515
23.823075667955	-0.00079988365924750	-0.16834283513324
23.857206148855	-0.051087654521119	-0.18142523788777
23.891336629754	-0.091661415422938	-0.15245132950793
23.925467110654	-0.094435535280047	-0.10296623454146
23.959597591554	-0.058308326153942	-0.069279136545766
23.993728072453	-0.0078426854535978	-0.076582790980130
24.027858553353	0.020183020639689	-0.12132228084758
24.061989034253	-0.0082715808461199	-0.17542323958764
24.096119515152	-0.051285917914812	-0.18473656457056
24.130249996052	-0.085607988691364	-0.16146192486131
24.164380476952	-0.097720265512236	-0.11663908967554
24.198510957851	-0.068627101792022	-0.078350369419573
24.232641438751	-0.017589445199483	-0.076585275795725
24.266771919651	0.017676553139587	-0.11549824942422
24.300902400550	0.011763403459356	-0.17275164288716
24.335032881450	-0.035415868469910	-0.20248964558202
24.369163362350	-0.084060893580950	-0.19760879796143
24.403293843249	-0.11856194815332	-0.12789101272088
24.437424324149	-0.092932190900829	-0.095198671285153
24.471554805048	-0.085519499121147	-0.094732758195142
24.505685285948	0.015077147484521	-0.090664150397236
24.539815766848	0.0093742662294595	-0.15276492583442
24.573946247747	-0.025807938695498	-0.18704430313757
24.608076728647	-0.076698452123076	-0.18519968086331
24.642207209547	-0.10520065537728	-0.14664523222086
24.676337690446	-0.092721074968904	-0.10155832681384
24.710468171346	-0.047488658274872	-0.084089166957918
24.744598652246	-0.0069641305284212	-0.11902591970837
24.778729133145	-0.033014941418974	-0.18256455950864
24.812859614045	-0.041146173581624	-0.16726859020363
24.846990094945	-0.086713426193329	-0.19457593989584
24.881120575844	-0.15356565833455	-0.11499948972569
24.915251056744	-0.10746664272275	-0.073123757653841
24.949381537644	-0.061002256235448	-0.054733810346212
24.983512018543	-0.011149694059955	-0.070410411973230
25.017642499443	0.014380301635875	-0.11898167162549
25.051772980342	-0.0054542132351462	-0.17040598163278
25.085903461242	-0.055898454941949	-0.18771597457961
25.120033942142	-0.099862566079656	-0.16077501171910
25.154164423041	-0.10671182230477	-0.11077213433673
25.188294903941	-0.072486961069819	-0.073542705640569
25.222425384841	-0.021022481774994	-0.076215588797781
25.256555865740	0.010431802950318	-0.11785220135199
25.290686346640	-0.00094237221516521	-0.16950622732197
25.324816827540	-0.047858300901965	-0.19446063134873
25.358947308439	-0.098438820489063	-0.17503168448559
25.393077789339	-0.11342730396187	-0.12401673637819
25.427208270239	-0.085220291729380	-0.078302682879608
25.461338751138	-0.027151146369225	-0.071443335088228
25.495469232038	0.0098937841624627	-0.11269479421603
25.529599712938	0.0018410133854883	-0.16524002429299
25.563730193837	-0.034231098281269	-0.19378970331984
25.597860674737	-0.086372815980713	-0.18782279599776
25.631991155637	-0.11385860070774	-0.14227058568686
25.666121636536	-0.096281512402948	-0.092121976325866
25.700252117436	-0.045574679277810	-0.073817535065914
25.734382598335	0.0023638809982075	-0.10237911401659
25.768513079235	0.010414120966012	-0.15909337751995
25.802643560135	-0.022760563488450	-0.19697460991450
25.836774041034	-0.078277332138354	-0.20082781383876
25.870904521934	-0.11435457049007	-0.16223939405384
25.905035002834	-0.10864285349327	-0.11298191095164
25.939165483733	-0.062441471812082	-0.070115613725715
25.973295964633	-0.011627320994008	-0.098302550921240
26.007426445533	0.0055187332403770	-0.15379339277586
26.041556926432	-0.029201308521520	-0.20888352626920
26.075687407332	-0.12622549558342	-0.22034753819324
26.109817888232	-0.11719807576898	-0.14355301990346
26.143948369131	-0.11838529042418	-0.10154732678488
26.178078850031	-0.077723208563458	-0.066435614837299
26.212209330931	-0.021330382018610	-0.075083856083552
26.246339811830	0.0081927390867636	-0.12476645571085
26.280470292730	-0.012932918881172	-0.18048640590655
26.314600773630	-0.057171469742694	-0.19879971919547
26.348731254529	-0.10832836800702	-0.17573053674611
26.382861735429	-0.12184949237335	-0.12132900640736
26.416992216328	-0.088490899646389	-0.076331719165412
26.451122697228	-0.031705341204413	-0.071341109392964
26.485253178128	0.0089097931985152	-0.11604024509988
26.519383659027	0.0023979859389478	-0.17448266750333
26.553514139927	-0.047984824839881	-0.20553301755995
26.587644620827	-0.10254690644186	-0.18975840932311
26.621775101726	-0.12657327245821	-0.13801268746638
26.655905582626	-0.10272046119597	-0.086590568887731
26.690036063526	-0.047131586648271	-0.071602727606909
26.724166544425	-0.0010690114807876	-0.10486069576519
26.758297025325	0.0026909294713649	-0.16095117608244
26.792427506225	-0.035692935701866	-0.20039934555888
26.826557987124	-0.092317077357655	-0.19646825631409
26.860688468024	-0.12577349167477	-0.15049115029661
26.894818948924	-0.11183123289201	-0.094674878487603
26.928949429823	-0.059332862157623	-0.069503652795089
26.963079910723	-0.0059218906809175	-0.093366297140698
26.997210391622	0.010941268000110	-0.15038180189255
27.031340872522	-0.021855081438650	-0.20074725722489
27.065471353422	-0.081740896198074	-0.20867074026307
27.099601834321	-0.12791574735135	-0.16694681643692
27.133732315221	-0.12304371959612	-0.10659612314179
27.167862796121	-0.075983431610997	-0.070298279819709
27.201993277020	-0.016098137849061	-0.083868611408710
27.236123757920	0.011804787727477	-0.13759013666723
27.270254238820	-0.012174036476917	-0.19321653438169
27.304384719719	-0.068833144572177	-0.21176697575982
27.338515200619	-0.11956534633845	-0.18048837484560
27.372645681519	-0.12810140236203	-0.12165332994881
27.406776162418	-0.088225843081447	-0.077671517453218
27.440906643318	-0.029140165692596	-0.079404735082522
27.475037124218	0.0087243910282386	-0.12674314782610
27.509167605117	-0.0033810656997081	-0.18682369599979
27.543298086017	-0.057470477226912	-0.21674483902106
27.577428566917	-0.11542508547297	-0.19540696854266
27.611559047816	-0.13736309643942	-0.13536697141071
27.645689528716	-0.10277027142517	-0.083484399410116
27.679820009615	-0.042436933316415	-0.074078962109179
27.713950490515	0.0050256701536844	-0.11439522216340
27.748080971415	0.0057203038242462	-0.17743780271579
27.782211452314	-0.041610099982429	-0.21966739187219
27.816341933214	-0.10229133164444	-0.21201110549704
27.850472414114	-0.13487266986018	-0.16529207048806
27.884602895013	-0.12057393875446	-0.13551874270625
27.918733375913	-0.042306302121128	-0.044438968255756
27.952863856813	0.0074750237467575	-0.097571747021920
27.986994337712	0.023719422748378	-0.17838458698543
28.021124818612	-0.038391488859467	-0.19005724543847
28.055255299512	-0.093317609840110	-0.21664914375779
28.089385780411	-0.14152011953717	-0.17717782245845
28.123516261311	-0.13924138769499	-0.11339548805983
28.157646742211	-0.088360726789025	-0.079942233780728
28.191777223110	-0.23391460780093	-0.041405059659562
28.225907704010	-0.011911275470766	-0.12773525481143
28.260038184910	-0.031504172861647	-0.18247325827737
28.294168665809	-0.082979094088653	-0.19798577658289
28.328299146709	-0.12479310913085	-0.16713539935247
28.362429627608	-0.12486818278819	-0.11573919383262
28.396560108508	-0.082725516584007	-0.087530213774113
28.430690589408	-0.050879323331463	-0.14143143892311
28.464821070307	0.014149194456625	-0.12764361372967
28.498951551207	-0.015372627999665	-0.19939956798152
28.533082032107	-0.082430236272821	-0.22674351383812
28.567212513006	-0.22189565560918	-0.18156098473795
28.601342993906	-0.14410553534089	-0.11383155971177
28.635473474806	-0.10238174927176	-0.068176107183011
28.669603955705	-0.035436475374223	-0.070707394970795
28.703734436605	0.0086376256282952	-0.13334967754102
28.737864917505	-0.031558023981609	-0.25067356907310
28.771995398404	-0.020399362960374	-0.20212978551814
28.806125879304	-0.13932483015822	-0.12664737849648
28.840256360204	-0.14020293035188	-0.11810649638604
28.874386841103	-0.11337211595128	-0.068319009338861
28.908517322003	-0.050650670928446	-0.054900713287692
28.942647802903	0.0041080849969441	-0.094581273377623
28.976778283802	0.011911371993620	-0.16247917531983
29.010908764702	-0.030874331189784	-0.21492876722035
29.045039245601	-0.095829494179216	-0.21914092721566
29.079169726501	-0.13833861701836	-0.18906310005890
29.113300207401	-0.17200531381008	-0.22221830380211
29.147430688300	-0.016615584473777	0.0082380996856857
29.181561169200	0.014589452490949	-0.076174913140694
29.215691650100	0.018790232826079	-0.15170169702087
29.249822130999	-0.027395022482883	-0.20759691424558
29.283952611899	-0.097430086234243	-0.21101081240315
29.318083092799	-0.14478946090737	-0.16131399409101
29.352213573698	-0.13621737752977	-0.092503165966281
29.386344054598	-0.078375218459027	-0.056015688066917
29.420474535498	-0.014926528931254	-0.073737329448482
29.454605016397	0.018160328529157	-0.14035308767099
29.488735497297	-0.012523761435297	-0.20525903576775
29.522865978197	-0.079827320695408	-0.22591440205691
29.556996459096	-0.14641934150619	-0.17378332666905
29.591126939996	-0.14682627855300	-0.10897214508521
29.625257420895	-0.096669271202829	-0.061663866858886
29.659387901795	-0.026208454769337	-0.067979792716455
29.693518382695	0.015739747907037	-0.12653860597705
29.727648863594	-0.0014955320478204	-0.19814216247304
29.761779344494	-0.068567181959638	-0.23155458459173
29.795909825394	-0.13540651785078	-0.20096694569973
29.830040306293	-0.15588405720374	-0.13151552847331
29.864170787193	-0.11447479035192	-0.071983739615903
29.898301268093	-0.040673654661000	-0.068192117177244
29.932431748992	0.010732111740502	-0.12929099645337
29.966562229892	-0.019336525836910	-0.24715840824862
30.000692710792	-0.026102341923812	-0.18349545504479
30.034823191691	-0.11388289186372	-0.20632263836092
30.068953672591	-0.16641487251363	-0.15051402577682
30.103084153491	-0.12921689911761	-0.078819119162533
30.137214634390	-0.065830891290397	-0.048022423802725
30.171345115290	-0.0084616712119537	-0.081832803942819
30.205475596190	0.014692147256733	-0.15896772399705
30.239606077089	-0.031073529951995	-0.22347121718463
30.273736557989	-0.11041603596366	-0.21238718428237
30.307867038888	-0.15448087609648	-0.16287987162651
30.341997519788	-0.14258800558024	-0.089693933814817
30.376128000688	-0.078989007363815	-0.059551546681780
30.410258481587	-0.035335998129337	-0.10757090435169
30.444388962487	0.029190124483035	-0.14301455359042
30.478519443387	-0.014531751616336	-0.21377492639510
30.512649924286	-0.090998721037302	-0.22900281391593
30.546780405186	-0.15127245898991	-0.18076485634995
30.580910886086	-0.15227074722421	-0.10396471780119
30.615041366985	-0.093837132626339	-0.053810799917274
30.649171847885	-0.015870990523629	-0.067346625121048
30.683302328785	0.023414636211086	-0.13526852011718
30.717432809684	-0.0022965018484210	-0.20939970745105
30.751563290584	-0.074923580209706	-0.23769036263866
30.785693771484	-0.13985808245242	-0.19986319554250
30.819824252383	-0.16694820495453	-0.12635074804925
30.853954733283	-0.11478086463247	-0.063675477856770
30.888085214183	-0.035645976898058	-0.061135112067918
30.922215695082	0.019934428331668	-0.11801836256691
30.956346175982	0.0091455359955343	-0.19916337533693
30.990476656881	-0.058542755575547	-0.24383896110253
31.024607137781	-0.13577053227284	-0.22034750302291
31.058737618681	-0.16799243024630	-0.14785916210830
31.092868099580	-0.13309013042130	-0.076743472867726
31.126998580480	-0.052933245599064	-0.058540346145028
31.161129061380	0.0058989036663175	-0.084080206603869
31.195259542279	0.019574972860114	-0.18359937871579
31.229390023179	-0.040086792049173	-0.24448476192741
31.263520504079	-0.12421756931457	-0.23722614258659
31.297650984978	-0.17106131324292	-0.17090727004542
31.331781465878	-0.15046550160273	-0.090316323654947
31.365911946778	-0.075219093153374	-0.056070304942747
31.400042427677	0.00060478628977312	-0.092150167451218
31.434172908577	0.023095815204370	-0.17445294843533
31.468303389477	-0.023542547441982	-0.25108653962369
31.502433870376	-0.11822692553289	-0.28759997247081
31.536564351276	-0.15515451232798	-0.14648805593350
31.570694832175	-0.15497083665540	-0.096747311320615
31.604825313075	-0.089811757993058	-0.055740775350102
31.638955793975	-0.013550990138095	-0.079605114213929
31.673086274874	0.021167848698814	-0.15697999847373
31.707216755774	-0.012727636549213	-0.23303664709048
31.741347236674	-0.095909543787852	-0.25817112725453
31.775477717573	-0.16806651688790	-0.20811039138821
31.809608198473	-0.17576083080733	-0.12533548939198
31.843738679373	-0.11530101696283	-0.065630451976587
31.877869160272	-0.029611960633216	-0.081778507034173
31.911999641172	0.018537064544993	-0.097514154250665
31.946130122072	0.0059770620291646	-0.21755865167041
31.980260602971	-0.074968201034215	-0.26540866646598
32.014391083871	-0.15669893128352	-0.23675496216658
32.048521564771	-0.18682865567131	-0.15913934343857
32.082652045670	-0.15374248744980	-0.089514152383992
32.116782526570	-0.098953145121488	-0.070721429269194
32.150913007470	0.019490890634671	-0.085793745908970
32.185043488369	-0.0064567661048604	-0.22099796735696
32.219173969269	-0.067190908703603	-0.26111249394227
32.253304450168	-0.16459239620482	-0.26087685832296
32.287434931068	-0.20104982629929	-0.18565222229127
32.321565411968	-0.17251414462802	-0.083873906591809
32.355695892867	-0.091170007986954	-0.055817190407825
32.389826373767	-0.019172565166262	-0.10141380128253
32.423956854667	-0.0027798295275569	-0.17946587649592
32.458087335566	-0.052685163101486	-0.24993571651757
32.492217816466	-0.13965295574176	-0.25513126931301
32.526348297366	-0.19615434393777	-0.20028034888647
32.560478778265	-0.19363103523734	-0.10542762080516
32.594609259165	-0.12385723378617	-0.089126126871330
32.628739740065	-0.16556187494735	-0.16815415203708
32.662870220964	0.082642293176390	-0.092990026708643
32.697000701864	-0.017480631153717	-0.22726912931107
32.731131182764	-0.11073751938730	-0.26157683846871
32.765261663663	-0.19256378188133	-0.20890064444271
32.799392144563	-0.22430248981520	-0.11155285524079
32.833522625463	-0.12599737367319	-0.037132974904164
32.867653106362	-0.024717828290529	-0.061331580762720
32.901783587262	0.024600781272928	-0.15587046663231
32.935914068161	-0.012990137224004	-0.25762169645786
32.970044549061	-0.13283340240626	-0.29430545938467
33.004175029961	-0.19833427276620	-0.24305996067637
33.038305510860	-0.23967061903394	-0.16207205564759
33.072435991760	-0.18628940201954	-0.083917013153164
33.106566472660	-0.10855721208571	-0.078022430108416
33.140696953559	-0.051018431106794	-0.13665397603558
33.174827434459	-0.081232900007904	-0.24586720691672
33.208957915359	-0.23634056638278	-0.25413197877821
33.243088396258	-0.27373435218328	-0.13571733189906
33.277218877158	-0.25129275332181	-0.039937062757786
33.311349358058	-0.17418735508025	0.022307580667787
33.345479838957	-0.069661851968325	0.016012884743893
33.379610319857	-0.00033338386277614	-0.021374545115351
33.413740800757	0.028349218152752	-0.15039585484173
33.447871281656	-0.045636354476615	-0.24136728462577
33.482001762556	-0.16568582544164	-0.25964630318477
33.516132243455	-0.28536653465610	-0.11450496043403
33.550262724355	-0.19064060549814	-0.0075872459380224
33.584393205255	-0.086073903256370	0.013887573808386
33.618523686154	0.0012898070418923	-0.049538149107905
33.652654167054	0.0086167585772630	-0.13463158463267
33.686784647954	-0.035835740976023	-0.21605431200472
33.720915128853	-0.13364837481299	-0.23108993311658
33.755045609753	-0.20602732340971	-0.16380302568434
33.789176090653	-0.19915175286456	-0.065984479325670
33.823306571552	-0.12115069006400	-0.0089870528165428
33.857437052452	-0.024015527847737	-0.028358006015200
33.891567533352	0.026425692246068	-0.12055980796963
33.925698014251	-0.015261478902043	-0.21824431310136
33.959828495151	-0.11425647161175	-0.24893782799268
33.993958976051	-0.20183542605312	-0.19468736645807
34.028089456950	-0.21608308530984	-0.093898170597913
34.062219937850	-0.15597083528677	-0.029752243595270
34.096350418750	-0.034635054109750	-0.015284710774309
34.130480899649	0.021572828762295	-0.10776430824144
