#Parameters = {s=10000; gmesh=10; pathy=-1; pathx=0; bmesh=10; beamy=1; beamx=0; sigma=3; flangez2=45.2; flangez1=42.8; endz=10; sloty=3; Slotx=23; tapz1=147.1; tapz2=171.1}
#"Frequency / GHz"	"Z (3) [Real/Imaginary Part] - Z [Re]"	"Z (3) [Real/Imaginary Part] - Z [Im]"
#-----------------------------------------------------------------------------------------------
0.0000000000000	0.0080645328061813	-6.6109349755725e-13
0.034130480899649	0.033275031120610	-0.019265593488911
0.068260961799298	0.0038206976040159	-0.018620163045083
0.10239144269895	-0.021124191979271	0.0071382116053077
0.13652192359860	-0.023426472734055	0.046050936507405
0.17065240449825	-0.0011264160743939	0.076320282385659
0.20478288539790	0.030768517660171	0.082067359735606
0.23891336629754	0.050133789415380	0.064344925296874
0.27304384719719	0.043521085089801	0.040758966236816
0.30717432809684	0.015392489905992	0.033109064704238
0.34130480899649	-0.014679790211406	0.052155641472798
0.37543528989614	-0.025752178235978	0.090138235365039
0.40956577079579	-0.010069498954884	0.12608523687561
0.44369625169544	0.021478362364905	0.14029622419933
0.47782673259509	0.046928611288243	0.12834220539903
0.51195721349474	0.048422852054793	0.10389660320402
0.54608769439439	0.024879587587687	0.089585981927987
0.58021817529404	-0.0073176682788903	0.10090872614027
0.61434865619369	-0.025690895579928	0.13549011032604
0.64847913709333	-0.017339973687268	0.17474499426388
0.68260961799298	0.011933613915628	0.19672187347582
0.71674009889263	0.041767254560372	0.19150395364851
0.75087057979228	0.051191695893614	0.16816407067756
0.78500106069193	0.033612052045745	0.14850181196488
0.81913154159158	0.0011682249055085	0.15181633337245
0.85326202249123	-0.023458108245067	0.18139820452567
0.88739250339088	-0.022987008049929	0.22217712969323
0.92152298429053	0.0022971344610658	0.25113964873628
0.95565346519018	0.034819026856992	0.25351191740304
0.98978394608983	0.051793539529913	0.23304491870716
1.0239144269895	0.041238965628500	0.20952747890321
1.0580449078891	0.010431131816507	0.20497829383251
1.0921753887888	-0.019164921875021	0.22822247567853
1.1263058696884	-0.026793099325214	0.26867057929450
1.1604363505881	-0.0070268756234849	0.30359860604091
1.1945668314877	0.026420092013451	0.31404496432493
1.2286973123874	0.050123948203647	0.29816530907873
1.2628277932870	0.047416946630690	0.27248931133089
1.2969582741867	0.020026675093478	0.26057554565907
1.3310887550863	-0.012988912145222	0.27643667749617
1.3652192359860	-0.028502483130449	0.31469630099279
1.3993497168856	-0.015548376423607	0.35422865983939
1.4334801977853	0.016941262623808	0.37289104499914
1.4676106786849	0.046260222351713	0.36306586111407
1.5017411595846	0.051792332740826	0.33706945997615
1.5358716404842	0.029467310404616	0.31866276227977
1.5700021213839	-0.0052337960517589	0.32645855359340
1.6041326022835	-0.028037045535684	0.36075993230365
1.6382630831832	-0.022871018150326	0.40331291920587
1.6723935640828	0.0068103316447883	0.42989501924301
1.7065240449825	0.040329055469110	0.42737418764836
1.7406545258821	0.054119774136030	0.40294620277848
1.7747850067818	0.038330094953985	0.37926227116409
1.8089154876814	0.0038128785380950	0.37864684811358
1.8430459685811	-0.025333487347569	0.40736421612430
1.8771764494807	-0.028607179532848	0.45112743078413
1.9113069303804	-0.0035235726388279	0.48496864225485
1.9454374112800	0.032482947913271	0.49069607039269
1.9795678921797	0.054160017207689	0.46974307541083
2.0136983730793	0.046106540987359	0.44232671457552
2.0478288539790	0.013721839349047	0.43338510174423
2.0819593348786	-0.020442234107481	0.45507819375486
2.1160898157782	-0.032402694617424	0.49811919126375
2.1502202966779	-0.013564347406349	0.53814264814140
2.1843507775775	0.023053289986532	0.55269175097021
2.2184812584772	0.051808961079916	0.53703748571367
2.2526117393768	0.052367665521837	0.50767864573945
2.2867422202765	0.024046894920824	0.49091142467075
2.3208727011761	-0.013509027978671	0.50443962500952
2.3550031820758	-0.033970622928107	0.54477573850959
2.3891336629754	-0.022789536820864	0.58956457806185
2.4232641438751	0.012432588139029	0.61308717232515
2.4573946247747	0.047075620029251	0.60436102050300
2.4915251056744	0.056707517974370	0.57503616075835
2.5256555865740	0.034255390458158	0.55138546018093
2.5597860674737	-0.0048124751305267	0.55595664612003
2.5939165483733	-0.033162692090705	0.59165307589453
2.6280470292730	-0.030741051792944	0.63948333009086
2.6621775101726	0.0010446204831485	0.67171432964632
2.6963079910723	0.040045859485517	0.67131776070574
2.7304384719719	0.058815852137707	0.64411049473120
2.7645689528716	0.043864725961645	0.61487497217110
2.7986994337712	0.0053443292147457	0.61010001677410
2.8328299146709	-0.029882575349576	0.63932405169039
2.8669603955705	-0.036960676730550	0.68822690174556
2.9010908764702	-0.010624400822515	0.72845920516051
2.9352213573698	0.030874258240232	0.73748147234259
2.9693518382695	0.058398362536464	0.71452857647991
3.0034823191691	0.052332028342627	0.68140304530154
3.0376128000688	0.016535733221875	0.66732578658666
3.0717432809684	-0.024108998057921	0.68843865834235
3.1058737618681	-0.041015315520027	0.73624432603143
3.1400042427677	-0.022018224215934	0.78331905004024
3.1741347236674	0.019860047136038	0.80244744539114
3.2082652045670	0.055273902274016	0.78583640404569
3.2423956854667	0.059111169945333	0.75083995813810
3.2765261663663	0.028241444740922	0.72800724008777
3.3106566472660	-0.015993106891968	0.73967862825672
3.3447871281656	-0.042566651705332	0.78412430737125
3.3789176090653	-0.032533137644300	0.83645025418503
3.4130480899649	0.0074169323840739	0.86592253849090
3.4471785708646	0.049392117565640	0.85756559734290
3.4813090517642	0.063722587202339	0.82297041407072
3.5154395326639	0.039896049930230	0.79240334238183
3.5495700135635	-0.0057848931164823	0.79368935414969
3.5837004944632	-0.041369682135133	0.83251606022992
3.6178309753628	-0.041637996646618	0.88813871755705
3.6519614562625	-0.0059990440379056	0.92770181661867
3.6860919371621	0.040780593642496	0.92929292894747
3.7202224180618	0.065746607140934	0.89755472850654
3.7543528989614	0.050920998069638	0.86076653287812
3.7884833798611	0.0062205063583066	0.85113790727169
3.8226138607607	-0.037222971565619	0.88215239608218
3.8567443416604	-0.048745781126498	0.93875681092240
3.8908748225600	-0.019843928939884	0.98764557595404
3.9250053034597	0.029540204090645	1.0005609992476
3.9591357843593	0.064741988195261	0.97429102911678
3.9932662652590	0.060652190397907	0.93329668827188
4.0273967461586	0.019587700778855	0.91277300880798
4.0615272270583	-0.029978963859145	0.93394334398281
4.0956577079579	-0.053212131710327	0.98888214304835
4.1297881888576	-0.033402635908523	1.0457321933758
4.1639186697572	0.015973077025518	1.0709027588695
4.1980491506568	0.060385743347749	1.0527370150331
4.2321796315565	0.068355117588463	1.0100669737290
4.2663101124561	0.033721265213776	0.97928826232472
4.3004405933558	-0.019687527412778	0.98890721915843
4.3345710742554	-0.054476552885390	1.0393226876205
4.3687015551551	-0.045905077361533	1.1021656094243
4.4028320360547	0.00051757243389715	1.1399603680082
4.4369625169544	0.052399925000959	1.1325161459465
4.4710929978540	0.073304421984384	1.0911679549171
4.5052234787537	0.047940072883600	1.0514650874306
4.5393539596533	-0.0064698415370384	1.0482256860306
4.5734844405530	-0.052030315345241	1.0910697435946
4.6076149214526	-0.056627807469592	1.1573264570904
4.6417454023523	-0.016561546786115	1.2076218262966
4.6758758832519	0.040495158958028	1.2133661198154
4.7100063641516	0.074601475795588	1.1769953692879
4.7441368450512	0.061469063574761	1.1305948809443
4.7782673259509	0.0096866031223445	1.1136960476180
4.8123978068505	-0.044987577680560	1.1456432540726
4.8465282877502	-0.064392645533904	1.2118476718163
4.8806587686498	-0.034646634395958	1.2736914921832
4.9147892495495	0.023948133980335	1.2953124016839
4.9489197304491	0.070807045822029	1.2686454258131
4.9830502113488	0.073193483226917	1.2192370444079
5.0171806922484	0.028992490814114	1.1886721052379
5.0513111731481	-0.031697132282695	1.2058646956426
5.0854416540477	-0.067284383716967	1.2670459639870
5.1195721349474	-0.053296776100277	1.3384056873463
5.1537026158470	0.00090375919292250	1.3793309242768
5.1878330967467	0.058695492641865	1.3701375478733
5.2219635776463	0.081240065014095	1.3252175326722
5.2560940585460	0.053545279921867	1.2828930036477
5.2902245394456	-0.0061983851074867	1.2795647880102
5.3243550203453	-0.059631799150354	1.3261819483850
5.3584855012449	-0.073751769238945	1.4027774260225
5.3926159821446	-0.040937045759556	1.4735697743956
5.4267464630442	0.019560145704556	1.5107365561028
5.4608769439439	0.077827029059106	1.5097773003363
5.4950074248435	0.11349801387606	1.4866556534158
5.5291379057432	0.12368483281147	1.4611497578554
5.5632683866428	0.10427006161517	1.4418090438015
5.5973988675425	1.9973176177165	1.2199413522629
5.6315293484421	0.24148932350368	1.3606578249312
5.6656598293418	0.18757390740572	1.3115538694029
5.6997903102414	0.11360087882952	1.2736785266057
5.7339207911411	0.018123695704241	1.2788457578282
5.7680512720407	-0.065563351998299	1.3410441526769
5.8021817529404	-0.099172387496506	1.4418838089997
5.8363122338400	-0.068080175495351	1.5370069624203
5.8704427147397	0.0044662526711728	1.5829266582293
5.9045731956393	0.069327358514198	1.5668624738174
5.9387036765390	0.083669367669621	1.5174850798055
5.9728341574386	0.041408618164608	1.4864638829824
6.0069646383383	-0.021093218444416	1.5115658160410
6.0410951192379	-0.051256391555726	1.5872183885139
6.0752256001376	-0.022848741591586	1.6661844286384
6.1093560810372	0.033065405263851	1.6968146894052
6.1434865619369	0.023011647639276	1.6834259168409
6.1776170428365	-0.28743407838127	1.8411081887995
6.2117475237362	1.4633152444982	-0.27951572019597
6.2458780046358	0.14517067035338	0.91655473504906
6.2800084855354	-0.15023340962484	1.2011716183532
6.3141389664351	-0.24085142384625	1.4793727208185
6.3482694473347	-0.16148978117956	1.7010021463701
6.3823999282344	0.010066818202232	1.7875404770063
6.4165304091340	0.15705414335473	1.7258696822286
6.4506608900337	0.18737392473559	1.5864714751797
6.4847913709333	0.088583605949263	1.4815038412993
6.5189218518330	-0.066701935526282	1.4935665709827
6.5530523327326	-0.17060280299056	1.6230975707669
6.5871828136323	-0.15270810151438	1.7900989580285
6.6213132945319	-0.027242293427239	1.8896598552473
6.6554437754316	0.11737076288449	1.8640995205772
6.6895742563312	0.17972569554422	1.7426759173426
6.7237047372309	0.11577657789219	1.6214375117432
6.7578352181305	-0.030223928171471	1.5966428240882
6.7919656990302	-0.15599268552201	1.6974499327610
6.8260961799298	-0.17240149100116	1.8647853502153
6.8602266608295	-0.066369478427762	1.9917962154412
6.8943571417291	0.088736457187764	1.9985058372015
6.9284876226288	0.18345513439771	1.8888231933278
6.9626181035284	0.14898795046478	1.7494422839861
6.9967485844281	0.0068653817768103	1.6901848916826
7.0308790653277	-0.14422338868851	1.7666272246197
7.0650095462274	-0.19658322489630	1.9392821947670
7.0991400271270	-0.10977675508315	2.0991549449192
7.1332705080267	0.058797641608932	2.1433072064877
7.1674009889263	0.19219632599494	2.0482966792502
7.2015314698260	0.23915070011428	1.8946645180226
7.2356619507256	0.055669952767176	1.7884863212602
7.2697924316253	-0.12264700346756	1.8328864637464
7.3039229125249	-0.21927509306989	2.0069158965355
7.3380533934246	-0.16155997532907	2.2029107873371
7.3721838743242	0.014810473024642	2.2936509352710
7.4063143552239	0.18726741254234	2.2225991506959
7.4404448361235	0.23015961935058	2.0475978250442
7.4745753170232	0.10419503336614	1.9054768184984
7.5087057979228	-0.11183672029621	1.9212303490793
7.5428362788225	-0.25965613816073	2.0930873136054
7.5769667597221	-0.23930943152636	2.3656565465876
7.6110972406218	-0.032322788779928	2.5520127252015
7.6452277215214	0.24690318273325	2.5478174759109
7.6793582024211	0.45542303713351	2.3687710886059
7.7134886833207	1.9055159523687	2.3995458100595
7.7476191642204	0.084301120986485	1.9688994686987
7.7817496451200	-0.089936340949002	2.0309829329933
7.8158801260197	-0.17680401023986	2.2258327290189
7.8500106069193	-0.097013760262830	2.4169694851777
7.8841410878190	0.082856953581544	2.4738528633865
7.9182715687186	0.23179550491744	2.3725776862846
7.9524020496183	0.19425554980441	2.1943718608875
7.9865325305179	0.018564285529330	2.1079885904988
8.0206630114176	-0.18942059715127	2.1996385900870
8.0547934923172	-0.27631421437550	2.4343746287024
8.0889239732169	-0.16979429171323	2.6678756453242
8.1230544541165	0.063751352783917	2.7479305821904
8.1571849350162	0.26006818648347	2.6263978091899
8.1913154159158	0.27258103771260	2.4007270815201
8.2254458968155	0.080580385453828	2.2508398819596
8.2595763777151	-0.18836550805493	2.3125504219700
8.2937068586147	-0.34283292457095	2.5759978239617
8.3278373395144	-0.26322015034733	2.8843711348667
8.3619678204140	0.0070164018412032	3.0394932010434
8.3960983013137	0.28388703532466	2.9441048369085
8.4302287822133	0.37121975014459	2.6585549614588
8.4643592631130	0.17428650695686	2.4392658143737
8.4984897440126	-0.16031063921236	2.4481139384270
8.5326202249123	-0.40950081083451	2.7321841185783
8.5667507058119	-0.38522614235558	3.1347112139467
8.6008811867116	-0.085312468421141	3.4021058912235
8.6350116676112	0.29156148419916	3.3620926949610
8.6691421485109	0.47531187145895	3.0553394924667
8.7032726294105	0.31530231397533	2.7226953325813
8.7374031103102	-0.10046212576832	2.6464871520484
8.7715335912098	-0.48907808860101	2.9489746433654
8.8056640721095	-0.56133735601647	3.4883427898943
8.8397945530091	-0.24176169260474	3.9427779880616
8.8739250339088	0.29027973299817	4.0290340192907
8.9080555148084	0.65602737014320	3.6944997630093
8.9421859957081	0.56632768614945	3.2087229603275
8.9763164766077	0.030158090536220	2.9883887588601
9.0104469575074	-0.61707859960617	3.3211095747371
9.0445774384070	-0.91288416049467	4.1480144648697
9.0787079193067	-0.58399137358032	5.0765212481998
9.1128384002063	0.26105769212309	5.8502478700636
9.1469688811060	0.87929631737173	4.7786230725317
9.1810993620056	1.0911417737786	4.3523491632452
9.2152298429053	0.38374864946106	3.9294162662097
9.2493603238049	-0.95222660917777	4.4624688755328
9.2834908047046	-2.1401016637535	6.5126928272887
9.3176212856042	-2.1720850988114	10.325801244465
9.3517517665039	0.30237484734765	16.959357146800
9.3858822474035	21.477966403688	46.198378743521
9.4200127283032	-5.1675625001584	-9.3912975324752
9.4541432092028	0.72628595427375	5.1332841273768
9.4882736901025	7.8505362287301	-8.7263816984259
9.5224041710021	1.3609067144180	-2.3340441601695
9.5565346519018	1.3285247684844	0.93080183457598
9.5906651328014	-0.76616462558234	-0.51478894061029
9.6247956137011	-0.31731402283743	1.2012902990780
9.6589260946007	0.29761067584790	2.0165550638087
9.6930565755004	0.92512750812949	2.1484678209579
9.7271870564000	0.76682860564622	1.9392469276307
9.7613175372997	0.056053741673698	2.5358417175485
9.7954480181993	14.208172263481	-6.8686147601859
9.8295784990990	2.0591082795825	-0.26318641254623
9.8637089799986	0.90205773281200	0.58791140267788
9.8978394608983	0.35003452529047	0.91795209631336
9.9319699417979	-0.062582047659533	1.4026993359723
9.9661004226976	-0.82842600846763	2.1195555693763
10.000230903597	-1.7215446660194	3.5003361260062
10.034361384497	-1.8355175871218	5.9925205302524
10.068491865397	-0.30075777052892	9.5851629947251
10.102622346296	4.7149759525921	14.817425116445
10.136752827196	42.013267754431	43.723460047622
10.170883308095	-8.1391211488703	-2.2734497981097
10.205013788995	0.42651122155696	1.7705849067516
10.239144269895	2.8180752472274	0.60603012144861
10.273274750794	2.5956437092759	-1.0517649938367
10.307405231694	1.0462425630029	-1.7599525104613
10.341535712594	-0.60045928917485	-1.1590580223008
10.375666193493	-1.4297094858166	0.29086995994082
10.409796674393	-1.1823049503214	1.7394621360851
10.443927155293	-0.26668261747352	2.4975833336827
10.478057636192	0.58694264822795	2.4375060124488
10.512188117092	0.82120695579637	2.0880455589049
10.546318597992	0.59141317757675	3.2093774174916
10.580449078891	-0.31472813003363	-1.7610617466403
10.614579559791	-1.0848079682839	0.67630940416179
10.648710040691	-1.0063404767043	1.9330970239964
10.682840521590	-0.35913993696588	2.6524391975244
10.716971002490	0.40835513203182	2.6809132117133
10.751101483389	0.80382708591421	2.1906513331900
10.785231964289	0.60811990302322	1.6405909562007
10.819362445189	0.0013277735017367	1.4857431505693
10.853492926088	-0.57649831116687	1.8959192057889
10.887623406988	-0.71834064693146	2.6888575581896
10.921753887888	-0.20755273458085	3.7024900551861
10.955884368787	1.0679640747067	3.8360550685294
10.990014849687	0.56257138419500	2.4294330576815
11.024145330587	0.61707901766107	2.2353106102116
11.058275811486	0.27653786229120	2.0178447537190
11.092406292386	-0.19968235236085	2.1627867099017
11.126536773286	-0.46614334105957	2.6419530537707
11.160667254185	-0.34745244079199	3.1791585146556
11.194797735085	0.055262508199439	3.4744882346858
11.228928215985	0.45294209173371	3.4241142399619
11.263058696884	0.60501856166321	3.2145313232215
11.297189177784	0.75716842732641	2.9483688581725
11.331319658684	0.14583089450883	2.7599699514285
11.365450139583	-0.19214440085840	3.2420146608481
11.399580620483	-0.11334469889228	3.8801441859841
11.433711101382	0.37577788793330	4.4723252469919
11.467841582282	2.4725574448543	5.5498255143541
11.501972063182	0.83039098241458	3.2015409141240
11.536102544081	0.94991220873921	3.3871115401857
11.570233024981	0.87371030073886	3.4695692928352
11.604363505881	0.89017321618667	3.7591969894015
11.638493986780	1.2909071044534	4.0596340291825
11.672624467680	1.9315415623179	3.8507801530977
11.706754948580	2.1678329890035	3.1879886039998
11.740885429479	1.8195518679158	2.7201627723087
11.775015910379	1.4589290341273	2.5859131989959
11.809146391279	1.0957176814600	2.6259223913220
11.843276872178	0.80812011592232	2.8857095230063
11.877407353078	0.75135687728733	3.2937391523228
11.911537833978	0.98899124895199	3.6542843953935
11.945668314877	1.4169050765798	3.7655319686021
11.979798795777	1.7989658803145	3.5548305850373
12.013929276677	1.9073847894394	3.1614004050213
12.048059757576	1.7118162203655	2.8574114400317
12.082190238476	1.4008082071013	2.8208732157939
12.116320719375	1.2741831947968	3.0580247807151
12.150451200275	1.2003608420724	3.2840250854913
12.184581681175	1.3926382270439	3.4440934404398
12.218712162074	1.6233320247174	3.4856717362003
12.252842642974	1.6617604825681	3.2444872359618
12.286973123874	1.5835126699397	3.3655699069154
12.321103604773	1.5853463865068	2.5419139079012
12.355234085673	1.7317299466038	3.0517514551174
12.389364566573	1.5763907262681	3.2190399467443
12.423495047472	1.7961452706128	3.2525728133100
12.457625528372	1.9948275166627	3.1253182595853
12.491756009272	1.7902640869745	2.9410085965558
12.525886490171	2.6726266763048	1.6630747349606
12.560016971071	1.6565603190439	2.2678728659127
12.594147451971	2.2136419019906	2.8274299651701
12.628277932870	1.7928666449685	2.0498940691257
12.662408413770	1.3541638444706	2.7207205229694
12.696538894669	1.5152706840941	2.9607297323278
12.730669375569	1.7174932416786	2.9804147639918
12.764799856469	1.9397315998078	2.6628512767096
12.798930337368	1.5045876336879	2.5446823019753
12.833060818268	1.3382448699806	2.6664768961999
12.867191299168	1.2889205901725	2.8539821925740
12.901321780067	1.3853098824920	3.0093409299438
12.935452260967	1.5396726314783	3.0373896897316
12.969582741867	1.7448713028160	2.8578399455066
13.003713222766	1.6210843322324	2.7573948449387
13.037843703666	1.4468697047716	2.6949055646954
13.071974184566	1.2588935514852	2.7967958376789
13.106104665465	1.1896615218912	3.0262251576983
13.140235146365	1.2995737973659	3.2560785620965
13.174365627265	1.5330291153406	3.3560845131134
13.208496108164	1.7545570423141	3.2824176189475
13.242626589064	1.8297340593326	3.1201996252244
13.276757069964	1.8967768785031	2.7621339854124
13.310887550863	1.6630746391683	2.8263061426206
13.345018031763	1.5035119155651	2.9732913498462
13.379148512662	1.8169368808511	2.7181229275052
13.413278993562	1.7535207026105	2.9961276763478
13.447409474462	1.8599964032036	2.9502944223017
13.481539955361	1.8790154773922	2.8058071793585
13.515670436261	1.7711989767565	2.6496953502503
13.549800917161	1.5822396127656	2.6333151946292
13.583931398060	1.4327359619254	2.7505828240981
13.618061878960	1.4095502533979	2.9309185951531
13.652192359860	2.0289835725205	2.8692342635863
13.686322840759	1.6629252690591	3.0294013651173
13.720453321659	1.7279581502443	2.9184447163189
13.754583802559	1.6628572503885	2.7979119618027
13.788714283458	1.5083917148776	2.7770377236946
13.822844764358	1.3737174914582	2.8939394107049
13.856975245258	1.3576236821432	3.0931944747170
13.891105726157	1.4605885493973	3.2398423647494
13.925236207057	1.7120768549398	3.1242989704154
13.959366687957	1.7987231049464	3.1209477704320
13.993497168856	1.7728355518792	2.8153534445237
14.027627649756	1.6333677529826	2.8205624531208
14.061758130655	1.4842612486355	2.9002264460497
14.095888611555	1.4346750364281	3.0734571438272
14.130019092455	1.5275331684337	3.2340341092145
14.164149573354	1.7059602927911	3.2787653681050
14.198280054254	1.8609888756675	3.1869959171659
14.232410535154	1.8624823951647	3.0173945642550
14.266541016053	1.7526402801563	2.9118044408104
14.300671496953	1.5982842784663	2.9396611990108
14.334801977853	1.5196008077328	3.0869220054174
14.368932458752	1.5820502689818	3.2533276494433
14.403062939652	1.7513135402799	3.3241980974184
14.437193420552	1.9178278703563	3.2515730179533
14.471323901451	1.9745652494436	3.0877735766718
14.505454382351	1.8922526174005	2.9470447548905
14.539584863251	1.7348770299741	2.9276351878002
14.573715344150	1.6439496586385	3.0595937741217
14.607845825050	1.7364095146417	2.9975478714073
14.641976305949	1.6862454315113	3.2803561571121
14.676106786849	1.8849826066228	3.2710413231314
14.710237267749	1.9740610695241	3.1281841187609
14.744367748648	1.9105987178642	2.9818300561828
14.778498229548	1.7495425919294	2.9491624389280
14.812628710448	1.6190005375615	3.0643912392613
14.846759191347	1.6039411570819	3.2655976327627
14.880889672247	1.7501964524948	3.4135185066018
14.915020153147	1.9535986660548	3.4127293627285
14.949150634046	2.0698013838858	3.2880100094638
14.983281114946	2.0674394641193	3.1461901832979
15.017411595846	2.0925409219148	3.1126037003447
15.051542076745	1.6402942822894	3.1879354088379
15.085672557645	1.6931073308188	3.5224941196207
15.119803038545	1.8175197083545	3.5534017402029
15.153933519444	2.2328198066472	3.8830052715788
15.188064000344	3.1748561687837	3.9833571890772
15.222194481244	2.7031913173117	3.8372650416599
15.256324962143	8.0945359499988	1.3506767012661
15.290455443043	1.7257076330958	1.7654503190773
15.324585923942	1.6676018598619	2.2591671219280
15.358716404842	1.6038282030408	2.5341797249943
15.392846885742	1.6296686288621	2.7518034694524
15.426977366641	1.7177175654908	2.8836655885151
15.461107847541	1.8741918730221	2.9559415011332
15.495238328441	1.8621003793437	2.5640288137550
15.529368809340	1.7786233711017	2.7886526233174
15.563499290240	1.7741809574025	2.9069188591600
15.597629771140	1.9251296116806	3.0067811604549
15.631760252039	2.1329630675456	2.7528156349221
15.665890732939	1.8605569131939	2.6096277371080
15.700021213839	1.7838909987528	2.6666159950575
15.734151694738	1.7233014691191	2.6564500729507
15.768282175638	1.6159125539164	2.6743885915315
15.802412656538	1.5280532357547	2.7898306923584
15.836543137437	1.4347707662233	2.8365560689969
15.870673618337	1.5008796226506	2.9847980904790
15.904804099237	1.6015941385545	3.0277304153179
15.938934580136	1.6692762811398	2.9804002300988
15.973065061036	1.6554448505198	2.9036821478619
16.007195541935	1.6750807106551	2.8951280791138
16.041326022835	1.3893191799028	2.9153157540332
16.075456503735	1.3503947896960	3.0411405917794
16.109586984634	1.5595687917136	3.1211688429071
16.143717465534	1.4856114403723	3.1840293582401
16.177847946434	1.5297081865499	3.1453321191782
16.211978427333	1.4951609629608	3.0855891483342
16.246108908233	1.3658824856775	2.9931921307726
16.280239389133	1.2306374026953	3.1108499638096
16.314369870032	1.1487630668822	3.2726542078756
16.348500350932	1.1669328730535	3.4439500342417
16.382630831832	1.2539167553151	3.5487749986383
16.416761312731	1.3288529228436	3.5666574697134
16.450891793631	1.3249032308944	3.5625911345272
16.485022274531	1.3641101197514	3.7842247858653
16.519152755430	1.0894693253429	3.3442557557499
16.553283236330	0.96437824069782	3.6658954885652
16.587413717229	0.97954247018266	3.9306467974135
16.621544198129	1.1025390362025	4.1421142082757
16.655674679029	1.3559223300479	4.0591194024514
16.689805159928	1.2939004455131	4.0301137281272
16.723935640828	1.0421526042006	4.0671006819517
16.758066121728	0.86379732325079	4.2526866016781
16.792196602627	0.73091477311672	4.5669774829077
16.826327083527	0.72398238258167	4.9531281565305
16.860457564427	0.83769942733340	5.3233628328807
16.894588045326	1.0391936214560	5.4689924236593
16.928718526226	1.0255547356246	5.6991549503509
16.962849007126	0.93582627782522	5.9865288627434
16.996979488025	1.1368706928504	6.3587474795122
17.031109968925	0.68636470262256	7.3846314343834
17.065240449825	0.68406972492575	8.0576407659947
17.099370930724	1.0775317182734	9.5763219434493
17.133501411624	1.8248258847829	11.349037537271
17.167631892524	3.1731523960351	13.886071451720
17.201762373423	6.6144783790177	18.301553192939
17.235892854323	23.622489302036	16.973844984036
17.270023335222	30.651823274807	-5.4783582405950
17.304153816122	6.1934708099644	-4.4713699106485
17.338284297022	26.387607051989	-5.3583724168754
17.372414777921	9.1541687572783	-9.7099276247595
17.406545258821	5.6165946486774	-5.8581380609517
17.440675739721	3.9456076671428	-5.6716761010258
17.474806220620	3.2696185023469	-4.3011752490149
17.508936701520	2.4461429487426	-3.0707334208679
17.543067182420	2.1135506941745	-2.2949159789269
17.577197663319	1.8972199226228	-1.7093690666907
17.611328144219	1.7548038765594	-1.2521761414484
17.645458625119	1.7442965244025	-0.86054741478817
17.679589106018	1.4939225333104	-0.65358007416400
17.713719586918	1.3757884123787	-0.38741016223754
17.747850067818	1.2786499624058	-0.073399469757403
17.781980548717	1.1879044725015	0.10487165483646
17.816111029617	1.3376580277938	0.45506570804056
17.850241510517	1.0953589140632	0.46144665791833
17.884371991416	1.1487624025747	0.61015249514276
17.918502472316	1.1419323404585	0.68150790781055
17.952632953215	1.0696970573489	0.74769238394710
17.986763434115	0.96426847635217	0.86465216510777
18.020893915015	0.89077316284441	1.0514160677037
18.055024395914	0.99126859969334	1.3427974931099
18.089154876814	0.85771866967633	1.3060296808356
18.123285357714	0.96724323489439	1.4204899928583
18.157415838613	1.0191354049821	1.4324346018330
18.191546319513	0.98897035123784	1.4197709454799
18.225676800413	0.89522054479067	1.4521425609683
18.259807281312	0.79950368300353	1.5615564352989
18.293937762212	0.76423072491072	1.7220447063853
18.328068243112	0.80914014196691	1.8695063411009
18.362198724011	0.89626631833379	1.9491308813622
18.396329204911	0.95849554453156	1.9651989340813
18.430459685811	0.96321208492627	1.9529843045352
18.464590166710	0.77612716263761	1.8301809845874
18.498720647610	0.69458908690243	2.0619590346936
18.532851128510	0.70023473080185	2.3665559468434
18.566981609409	1.1918833525800	2.8458160090400
18.601112090309	0.97296859980278	1.7084362291652
18.635242571208	0.77793860001903	2.3327776246890
18.669373052108	0.77055481569219	2.3909774926199
18.703503533008	1.8690846248079	2.4196411343438
18.737634013907	1.2044246464166	2.4033960751900
18.771764494807	0.82291430542093	2.1625298646869
18.805894975707	1.4691092135657	3.9402759599253
18.840025456606	1.9636261477718	0.13532335276900
18.874155937506	0.76944600978303	1.0943732113767
18.908286418406	0.58540822380604	1.5207484100077
18.942416899305	0.44940749105720	1.7811045790233
18.976547380205	0.24720501489542	2.3923158125800
19.010677861105	0.43602692520144	1.1626693864548
19.044808342004	0.24060281332622	1.8954315828503
19.078938822904	0.28719085220835	2.1942533780890
19.113069303804	0.40211824814607	2.3342198093836
19.147199784703	0.48865473862012	2.3497733268184
19.181330265603	0.48352422729629	2.3158231082231
19.215460746502	0.38845073278599	2.3038362132001
19.249591227402	0.41033058997096	2.4103061674339
19.283721708302	0.20878813644233	2.5358732893862
19.317852189201	0.24732597043302	2.7099652864274
19.351982670101	0.35009980632050	2.8062048383893
19.386113151001	0.42601653543906	2.8104276320106
19.420243631900	0.51940816480769	2.6874824016090
19.454374112800	0.99109873954060	2.4350298935208
19.488504593700	0.35431490719574	2.6867622143041
19.522635074599	0.14085804020019	2.8037805332671
19.556765555499	0.11293635862799	3.0630121955607
19.590896036399	0.44494834744005	3.1055952249763
19.625026517298	0.39817921405614	3.2392034332911
19.659156998198	0.47774194573708	3.2557261346051
19.693287479098	0.44977728531087	3.2849947621550
19.727417959997	0.34049297785607	3.4591958017152
19.761548440897	3.8489005922778	1.9054765301910
19.795678921797	0.47679577226264	2.6347059115084
19.829809402696	0.79535684868720	2.2490675522820
19.863939883596	0.34082817172927	2.7524311046074
19.898070364495	0.32969432282211	2.9944570410430
19.932200845395	0.14582461008288	3.1852402515084
19.966331326295	0.36565461320485	3.0047752812530
20.000461807194	0.12778469555910	3.1824731499068
20.034592288094	0.28322074377098	3.4003217624708
20.068722768994	0.30977504647586	3.4476796082882
20.102853249893	0.32518285964707	3.4115538067793
20.136983730793	1.4053480134479	3.2523968596177
20.171114211693	0.37320826523747	3.2278960896683
20.205244692592	0.24089373981847	3.2894191153294
20.239375173492	0.13414026100564	3.3972410572659
20.273505654392	0.070954919457869	3.5126622280782
20.307636135291	0.13579092584874	3.7053076492916
20.341766616191	0.25789480641641	3.8011609524383
20.375897097091	0.37336081848208	3.8184049078853
20.410027577990	1.0654233939725	3.7836936587488
20.444158058890	0.26002370438425	3.5978637930956
20.478288539790	0.18054691780115	3.6816330052328
20.512419020689	0.12261882973323	3.8154382534751
20.546549501589	0.14645175717779	3.9754262384309
20.580679982488	0.22000754877291	4.0899155836392
20.614810463388	0.34481905035435	4.1668498826085
20.648940944288	0.85781339211675	4.2932872917359
20.683071425187	0.23453414079962	3.8824686776000
20.717201906087	0.20987829550948	4.0237964816252
20.751332386987	0.30053104826914	4.1706346820176
20.785462867886	0.16051052871072	4.2010498996315
20.819593348786	0.22675020498424	4.3357134372347
20.853723829686	0.31877004272671	4.4270309563501
20.887854310585	0.45835788871655	4.4291735998521
20.921984791485	0.48877582029493	4.3488659214773
20.956115272385	0.42141283515219	4.2962557828846
20.990245753284	0.64313769914111	4.2712386706143
21.024376234184	0.31523211285860	4.4292676783008
21.058506715084	0.33193386943149	4.5358825054414
21.092637195983	0.38648818304775	4.6104543504796
21.126767676883	0.39118728825861	4.6555986675233
21.160898157782	0.32365713720370	4.8330363482120
21.195028638682	0.58100440113525	4.0791962648698
21.229159119582	0.43709668674920	4.6296882474706
21.263289600481	0.25419278980914	4.5664795103085
21.297420081381	0.25554498378482	4.8562891089448
21.331550562281	0.35997149690940	5.0182794736026
21.365681043180	0.50243053328750	4.9379236690793
21.399811524080	0.52371373842914	5.0247778600891
21.433942004980	0.59087641204273	5.0273661792911
21.468072485879	0.50274964416648	4.9956394193916
21.502202966779	0.60823298236918	5.1031554451251
21.536333447679	0.48166650277211	5.2636417270642
21.570463928578	0.48016175846335	5.3952123375805
21.604594409478	0.83786038008760	5.5874066238137
21.638724890378	0.65011058550748	5.6431253992448
21.672855371277	0.77565047202164	5.2533827205551
21.706985852177	0.49433895770312	5.4293655734553
21.741116333077	0.43916301173446	5.7702875083597
21.775246813976	1.2388934174294	6.6726819978241
21.809377294876	0.59428719474874	5.3814368414854
21.843507775775	0.83011542974008	6.0736128953098
21.877638256675	0.69474864114508	6.2360245193958
21.911768737575	0.88184895505947	6.2128677691278
21.945899218474	0.56340906468067	5.9397602593136
21.980029699374	0.56301045881660	6.5513423580319
22.014160180274	1.0467117461641	6.9218292803245
22.048290661173	0.90622672034160	7.1822977484527
22.082421142073	1.2402040644424	7.2913351633570
22.116551622973	1.5512516698170	7.5796695303577
22.150682103872	2.8617110289529	8.8698143485679
22.184812584772	2.3542581299120	8.8824393967748
22.218943065672	1.6817457240240	8.9354557690238
22.253073546571	3.0100207075337	12.713081986201
22.287204027471	18.603211196292	11.341303873765
22.321334508371	5.6768791700334	-1.2910482501048
22.355464989270	2.3012934652301	3.9772004850343
22.389595470170	4.9847809106461	9.7393921717411
22.423725951070	5.5277520604562	-0.60779139188856
22.457856431969	3.9134186038600	1.4178675019444
22.491986912869	4.8237539862264	5.0677203404887
22.526117393768	9.3437098492503	0.017438540884216
22.560247874668	2.7994064262994	-1.5289253735437
22.594378355568	1.1142153967712	0.63297723271877
22.628508836467	0.98495443375684	1.4826651806754
22.662639317367	0.89854936816522	2.0968944023691
22.696769798267	0.54018611902628	2.5220550927527
22.730900279166	0.45175377881731	3.0987356215400
22.765030760066	0.55675378700805	3.5649739086202
22.799161240966	0.89345672922119	3.9185401623939
22.833291721865	0.80776952782019	3.6294356550725
22.867422202765	0.73419775874575	3.8191963931641
22.901552683665	0.60741996333028	4.0075489022372
22.935683164564	0.50916173963523	4.3325411891120
22.969813645464	0.63555718235109	4.8513299604796
23.003944126364	1.0629168720453	5.3183533293075
23.038074607263	0.88846780191377	5.0568188976558
23.072205088163	1.1663312230678	4.3767652803980
23.106335569062	1.1819437948449	4.9016759216090
23.140466049962	2.1297542631040	5.0480788764141
23.174596530862	0.88605254909385	4.4958839472154
23.208727011761	0.96389715793795	7.0305867708194
23.242857492661	-0.21238637541654	2.4901143836000
23.276987973561	0.39048217509066	4.4673504481743
23.311118454460	0.97978692859173	4.6995577452702
23.345248935360	1.0211695834677	4.8101980569758
23.379379416260	1.2173003925611	4.6959514502099
23.413509897159	0.93030876410525	4.7083119718075
23.447640378059	0.73908218671696	4.8828502997320
23.481770858959	0.72172177951015	5.2149045546283
23.515901339858	0.77073601236749	5.4437470498652
23.550031820758	1.0290290315786	5.7763652436006
23.584162301658	1.7514549450924	5.5532023506024
23.618292782557	1.3468502829262	5.4009330099975
23.652423263457	1.7367335035454	4.6768843708118
23.686553744357	1.2983821160477	5.1201569112192
23.720684225256	0.85344908282775	5.3751138370000
23.754814706156	1.0256083900833	5.7682618490738
23.788945187055	1.1831183870909	6.0297973264036
23.823075667955	1.5230716500856	6.2376878023511
23.857206148855	2.4160368129162	5.3747274970412
23.891336629754	1.3897183859748	5.2915349373350
23.925467110654	1.0314832289165	5.6247501107480
23.959597591554	0.73309898078445	6.0243664518541
23.993728072453	0.45105858312544	6.9198077428213
24.027858553353	1.2083743963761	11.527156771216
24.061989034253	0.61775674945840	1.2139883123475
24.096119515152	0.68646904734332	4.8908677949817
24.130249996052	1.4103019769870	5.7590358350585
24.164380476952	1.3714397777394	5.9225964526550
24.198510957851	1.4433162741204	6.0685575288442
24.232641438751	1.4468802933489	6.2103311236983
24.266771919651	1.2951545524341	6.4982895032953
24.300902400550	1.0548986839779	7.3134184985190
24.335032881450	1.3572483476570	10.193008662153
24.369163362350	3.6828668995337	5.9274151170843
24.403293843249	7.3259663272887	-1.0368209355374
24.437424324149	1.6259161937432	3.3456991536457
24.471554805048	2.4484050622993	4.4858509962276
24.505685285948	1.4578595010373	4.8430956727823
24.539815766848	1.6045606130523	5.3055997598038
24.573946247747	1.7612305136996	5.4605837856934
24.608076728647	1.6572458324071	5.4763325867143
24.642207209547	1.4148395678164	5.8604265491253
24.676337690446	1.1713450061923	6.6624696326618
24.710468171346	2.5712454903945	8.2912477402348
24.744598652246	1.4028887309461	4.1880751297397
24.778729133145	2.7983009436267	7.1691792488415
24.812859614045	2.4319940194570	3.7023681088179
24.846990094945	2.2336826866484	6.2400625936128
24.881120575844	2.6395681711077	3.9093607338801
24.915251056744	2.2250940782971	4.3753965282508
24.949381537644	1.6111001189324	5.2637140046629
24.983512018543	1.7876870965487	5.3255999275960
25.017642499443	1.9005918272718	5.7411527850596
25.051772980342	2.2689502824440	5.7556037325537
25.085903461242	2.1241328244969	5.6683124949691
25.120033942142	2.4721425500239	6.2365856467622
25.154164423041	2.0981922241839	5.1078133964524
25.188294903941	1.9753637209318	5.6927769026382
25.222425384841	2.3117521938131	5.7513068072565
25.256555865740	1.7806512618405	5.5460857266758
25.290686346640	1.8707611276881	5.8752573068460
25.324816827540	2.0121118781319	5.8795290852196
25.358947308439	2.0504588432814	5.9935327860046
25.393077789339	2.1416836227407	6.1930767913379
25.427208270239	2.6379149248653	5.6000842214284
25.461338751138	2.4203596950046	5.5875281422802
25.495469232038	1.8314133461510	5.8523234504898
25.529599712938	2.0658894014896	6.0295604764759
25.563730193837	2.0869741577334	6.1223768897263
25.597860674737	2.0778180022229	6.1983471672552
25.631991155637	2.3047334039338	6.1587518624856
25.666121636536	1.9911145080112	6.1850703302018
25.700252117436	1.9933890400502	6.4854220488022
25.734382598335	2.4318865858999	6.5807899381964
25.768513079235	2.3861347406249	6.6495983509556
25.802643560135	2.6976994061598	6.4590127231747
25.836774041034	2.2867290075245	6.3794895595705
25.870904521934	2.2915706143324	6.5805504278647
25.905035002834	2.2943707468250	6.7207266734123
25.939165483733	2.2463158606402	6.9872383022002
25.973295964633	2.3730919935833	7.5166762834467
26.007426445533	3.1687425948598	7.5926917063074
26.041556926432	4.3680300929906	10.425548493616
26.075687407332	3.8353028566917	3.8834194495350
26.109817888232	3.3273973085615	4.1623950284520
26.143948369131	2.4858420315884	5.0889197143987
26.178078850031	2.4030579032067	5.6278493018841
26.212209330931	2.4430840778864	5.9274456996807
26.246339811830	2.5388713806103	6.1125125938718
26.280470292730	2.6336596530029	6.2916611617886
26.314600773630	2.9889342093457	6.4170247875130
26.348731254529	2.9856429861555	6.0874383411318
26.382861735429	2.8253479394021	5.9926076094135
26.416992216328	2.6492468185262	6.1311936857400
26.451122697228	2.8316308532541	6.2882752727547
26.485253178128	2.6616572533612	6.4592159679280
26.519383659027	2.8934984197944	6.5549185467843
26.553514139927	3.0290688882558	6.4569500893960
26.587644620827	3.0552183391319	6.4266235269375
26.621775101726	3.2060815471013	6.5145263800827
26.655905582626	3.1482871411668	6.0546547544064
26.690036063526	2.9447214557621	6.2744929056145
26.724166544425	2.9103075210106	6.2875656817515
26.758297025325	2.9730005314194	6.4921223480753
26.792427506225	3.7634798349566	6.4755387886735
26.826557987124	2.8916835406310	6.0611486244991
26.860688468024	2.8470444131743	6.3032184564485
26.894818948924	2.9076582480213	6.5082306919747
26.928949429823	3.1091837057347	6.6310746029259
26.963079910723	3.1795407799342	6.5104071638925
26.997210391622	3.2862507131296	6.5146793283974
27.031340872522	3.3886581863312	6.4264402043467
27.065471353422	3.4737684497310	6.2677361437647
27.099601834321	3.2525418312469	6.0021909455484
27.133732315221	3.0175057498548	6.1137615822095
27.167862796121	2.9511344502811	6.2492148455510
27.201993277020	2.9677156824154	6.4723636247219
27.236123757920	3.1891449113923	6.4733387663532
27.270254238820	3.2008980258032	6.3796165468572
27.304384719719	3.1237273073511	6.3371230525004
27.338515200619	3.0533806264941	6.3744006466348
27.372645681519	3.0030606521410	6.4381217767674
27.406776162418	2.9960049006072	6.5553656819300
27.440906643318	3.0710236284293	6.6456863092715
27.475037124218	3.1576755008895	6.7000624368235
27.509167605117	3.3084561646940	6.7428493467827
27.543298086017	3.2916805973511	6.5358832732376
27.577428566917	3.2156475287346	6.4869175797629
27.611559047816	3.0885621462280	6.5247393327414
27.645689528716	3.0190392141942	6.6812192272959
27.679820009615	3.0946080879215	6.8745144573897
27.713950490515	3.3298043143482	6.9322474360127
27.748080971415	3.3990928053376	6.7749455518117
27.782211452314	3.3855910832547	6.7356395399345
27.816341933214	3.3526676475066	6.7256122756220
27.850472414114	3.3465123067109	6.6901263767054
27.884602895013	3.1779915879129	6.7521666674196
27.918733375913	3.1926171464877	6.9477503614565
27.952863856813	3.3431241244885	6.9782958907000
27.986994337712	3.4220030312628	7.0513579347959
28.021124818612	3.5682862024810	7.0056785565030
28.055255299512	3.5592064485317	6.8750560731917
28.089385780411	3.4704278158793	6.8357106554980
28.123516261311	3.4086417713000	6.9062754262494
28.157646742211	3.3469645213782	7.0764158112704
28.191777223110	3.4622041240498	7.2428491920084
28.225907704010	3.6682883991409	7.2864820239282
28.260038184910	3.8174998780782	7.1489954782539
28.294168665809	3.7805953379225	7.0751983322904
28.328299146709	4.0370051953733	7.0678177274658
28.362429627608	3.5473844562803	6.8912052609524
28.396560108508	3.4209395350084	7.1081310207940
28.430690589408	3.4859215511710	7.4480432885551
28.464821070307	3.8239404628193	7.6383805743833
28.498951551207	4.0549621673553	7.6702370162481
28.533082032107	4.3713112549364	7.7289421907865
28.567212513006	8.0401102542382	7.1938862565089
28.601342993906	3.8183065337971	6.6801941223643
28.635473474806	3.8468959738268	6.9994476278217
28.669603955705	3.9784195791333	7.0786000595975
28.703734436605	3.9258644848240	7.1860977068898
28.737864917505	3.9817456347626	7.4345333152143
28.771995398404	4.2500868824737	7.6917685151841
28.806125879304	6.7306945561708	5.4864925720207
28.840256360204	4.6266903109350	5.0320130912973
28.874386841103	3.7271276973633	6.2337669615686
28.908517322003	3.6972186554952	6.7123602382781
28.942647802903	3.8274906766909	6.9962004251793
28.976778283802	4.0646999972325	7.1060619312344
29.010908764702	4.1735730605349	6.9704805873407
29.045039245601	4.1795686942509	6.9672334022875
29.079169726501	4.1663499798408	6.8947126104103
29.113300207401	4.0592610557690	6.7863567414558
29.147430688300	3.8945106985272	7.0594386163239
29.181561169200	4.0597357022585	7.2513651655566
29.215691650100	4.3226567533449	7.1682387109558
29.249822130999	4.2354481761447	7.1651307390202
29.283952611899	4.3400868800110	7.0872409869753
29.318083092799	4.3464932764540	6.9836521579374
29.352213573698	4.2119155717939	6.9355680717013
29.386344054598	4.0916647101163	7.0583395900336
29.420474535498	4.1227686082982	7.1896951001614
29.454605016397	4.2714547471220	7.3490258815489
29.488735497297	4.4477655210799	7.2429778703225
29.522865978197	4.6205148257772	7.0742338697789
29.556996459096	4.3556004612517	6.8899812777440
29.591126939996	4.1409147167132	6.9558163443643
29.625257420895	4.0445036952042	7.1615789838025
29.659387901795	4.1117852590646	7.3774187340728
29.693518382695	4.2747812759512	7.4766243715913
29.727648863594	4.4219831862005	7.4847066395336
29.761779344494	4.5516758777668	7.4567860863025
29.795909825394	4.4541418790782	7.0812013290432
29.830040306293	4.3487720884664	7.2120181227692
29.864170787193	4.3283058441995	7.3265910826522
29.898301268093	4.2907099833279	7.5313196813928
29.932431748992	4.4753120372041	7.6665094231126
29.966562229892	4.6642309176133	7.6425834767161
30.000692710792	4.7424534414555	7.5820923430033
30.034823191691	4.8242197526320	7.4610325103764
30.068953672591	4.7147564657868	7.4501471134432
30.103084153491	4.6838999742835	7.5377679650422
30.137214634390	4.7473746151534	7.7459507836269
30.171345115290	5.1494413360873	7.9581266364334
30.205475596190	5.8561661802626	6.8037798570467
30.239606077089	4.9815135438208	6.9661666208636
30.273736557989	4.9265897026792	7.0818528990687
30.307867038888	4.7685914922944	7.0534763177422
30.341997519788	4.6420012445303	7.1695328046770
30.376128000688	4.6272270980018	7.3738556926793
30.410258481587	4.7717299807878	7.5072611181078
30.444388962487	4.8957920353563	7.5254247013358
30.478519443387	5.2903811522144	7.1666665978954
30.512649924286	4.9597703983812	7.2015943935969
30.546780405186	4.9605980052443	7.1739707211992
30.580910886086	4.6352440421488	7.1793538359020
30.615041366985	4.5734071227743	7.3907594694567
30.649171847885	4.6376804679156	7.5796676390698
30.683302328785	4.7725242865346	7.6822309989772
30.717432809684	4.9549275629562	7.6824064035227
30.751563290584	4.9824552726109	7.5556856470613
30.785693771484	4.9234106921008	7.5099200416934
30.819824252383	4.8482947375876	7.5238334989998
30.853954733283	4.7361158426068	7.6795788264786
30.888085214183	4.8358178441411	7.9063375115622
30.922215695082	5.0889529843003	8.0252389942337
30.956346175982	5.0690727365272	7.8370662905170
30.990476656881	5.1695811669604	7.8622206726778
31.024607137781	5.2838365590623	7.7697218222379
31.058737618681	5.1206682106598	7.7233339037271
31.092868099580	5.0646389978212	7.8091172534734
31.126998580480	5.1096015958018	8.1459110323398
31.161129061380	5.3386178703213	8.0281341359071
31.195259542279	5.3981895671614	7.9690566869186
31.229390023179	5.4898697718684	7.9750355864226
31.263520504079	5.7859752143846	7.5799351442669
31.297650984978	5.4058872883973	7.6116565513010
31.331781465878	5.2842775510187	7.7320326015501
31.365911946778	5.2627907873434	7.8628209240814
31.400042427677	5.2876329689518	8.0324322436359
31.434172908577	5.5013340765787	8.1238114410632
31.468303389477	5.6415936198209	8.0257243401454
31.502433870376	5.6425121413286	7.9146659638050
31.536564351276	5.5807099040851	7.8596150416643
31.570694832175	5.4179554163553	7.8180590898793
31.604825313075	5.3249794882989	8.0623020369089
31.638955793975	5.4271794960275	8.2806459976010
31.673086274874	5.6490853315458	8.3844462516280
31.707216755774	5.8291335235591	8.2800519352357
31.741347236674	5.8536969632586	8.1895953073094
31.775477717573	5.8089048258044	8.1285794410324
31.809608198473	5.7104965601172	8.1495576177565
31.843738679373	5.6009109911522	8.3222858967443
31.877869160272	5.7482657018878	8.6329145102174
31.911999641172	5.9073792609578	8.5774943810611
31.946130122072	6.1393238965057	8.6642181737281
31.980260602971	6.3538944533107	8.4971930153489
32.014391083871	6.1526753476066	8.3562394935476
32.048521564771	6.0472422225899	8.6330851985218
32.082652045670	6.3593475221396	9.0234186608132
32.116782526570	7.0249418763679	9.2466681584201
32.150913007470	7.0302037241092	8.6113979646898
32.185043488369	6.7821111713309	8.4222993588665
32.219173969269	7.2194707811165	8.6807183094494
32.253304450168	7.5370600663315	7.4834043188698
32.287434931068	6.6976024742323	7.6700881767511
32.321565411968	6.2125944823623	7.7371280222939
32.355695892867	6.1766802943127	8.3309919790491
32.389826373767	6.4482642955546	8.6196205537338
32.423956854667	6.6392630890887	8.7326582635599
32.458087335566	6.8260200276883	8.7953436705804
32.492217816466	7.1709341916451	8.8328655532702
32.526348297366	6.9433927630814	8.6164273573471
32.560478778265	7.2117315932300	9.0300028668114
32.594609259165	8.5417099894509	8.4813046744654
32.628739740065	6.5639327838655	8.3388294546636
32.662870220964	7.1151611727052	9.2006018734079
32.697000701864	7.8570826239661	9.3265342866170
32.731131182764	8.2648927641885	8.9656600973881
32.765261663663	8.1758929200667	8.7673965850030
32.799392144563	8.8849855418989	8.8271640571135
32.833522625463	8.7696607478291	7.2919259277117
32.867653106362	7.1509970716256	7.9120545406899
32.901783587262	7.4259858052467	9.5445352025135
32.935914068161	8.6345578894222	10.147097767472
32.970044549061	9.4312603946726	10.074373185375
33.004175029961	10.805752856927	10.274127391957
33.038305510860	12.584604675865	10.542287337288
33.072435991760	15.602935005870	7.3164274049250
33.106566472660	16.942774557782	0.97047621727449
33.140696953559	8.6431581062501	0.48511097468102
33.174827434459	7.0271216165332	2.5976707665933
33.208957915359	6.4510935195196	5.0336362067101
33.243088396258	9.8602975204458	7.4162414439239
33.277218877158	9.8729267526777	-0.40684492766144
33.311349358058	5.5331881014550	2.5061206483016
33.345479838957	5.4208039590431	4.1937983486181
33.379610319857	5.6365653552820	4.8960268910830
33.413740800757	5.7180449036085	5.3042837149765
33.447871281656	5.8755255754073	5.5956523819693
33.482001762556	5.8868196016302	5.6958781620100
33.516132243455	5.9158613704793	5.8633985009305
33.550262724355	5.6709992326566	6.0308105858927
33.584393205255	5.6818472155233	6.3936008389635
33.618523686154	5.8225966241113	6.7043900879811
33.652654167054	6.0815778819314	6.8914791212088
33.686784647954	6.3539039057369	6.8840477621453
33.720915128853	6.4389028799175	6.6476211575980
33.755045609753	6.2143938984131	6.6186830830339
33.789176090653	6.0768383576679	6.7796669211978
33.823306571552	6.0405598643355	7.0190400720487
33.857437052452	6.1423604035434	7.2534368525256
33.891567533352	6.3284568035868	7.4044105702454
33.925698014251	6.5639125272029	7.3975423601406
33.959828495151	6.6784844291623	7.2252980185697
33.993958976051	6.5287470833366	7.1621380627375
34.028089456950	6.4999268679433	7.2413719124199
34.062219937850	6.2492458619658	7.3269152753486
34.096350418750	6.3039925717448	7.7153990169907
34.130480899649	6.6495171208371	7.9090966602340
