#Parameters = {s=10000; gmesh=10; pathy=0; pathx=-1; bmesh=10; beamy=0; beamx=1; sigma=3; flangez2=45.2; flangez1=42.8; endz=10; sloty=3; Slotx=23; tapz1=147.1; tapz2=171.1}
#"Frequency / GHz"	"X (2) [Real/Imaginary Part] - Z [Re]"	"X (2) [Real/Imaginary Part] - Z [Im]"
#-----------------------------------------------------------------------------------------------
0.0000000000000	-2.1091004652090e-11	-117.08307322805
0.034130480899649	17.053463730445	-22.971145886531
0.068260961799298	-3.9423560366819	-14.629998062031
0.10239144269895	-9.5827394424663	-4.6356923029943
0.13652192359860	-7.5411985007034	3.0829353771183
0.17065240449825	-2.1429663963446	6.1157369070945
0.20478288539790	2.6883951842285	4.5930304246204
0.23891336629754	4.4953357830690	0.71948425654186
0.27304384719719	3.0493329715531	-2.6641123652925
0.30717432809684	-0.012746402361039	-3.6665427893660
0.34130480899649	-2.4717505802480	-2.1888022415718
0.37543528989614	-2.9038546980846	0.36393072724661
0.40956577079579	-1.3897334687444	2.1831727025532
0.44369625169544	0.78988311169295	2.2130639353660
0.47782673259509	2.1254408906918	0.69834342222293
0.51195721349474	1.8628741925039	-1.1616310238295
0.54608769439439	0.38183174349470	-2.1028898578285
0.58021817529404	-1.1904390618339	-1.6162871025930
0.61434865619369	-1.7986138680297	-0.18933261562899
0.64847913709333	-1.1409383524808	1.1230045261916
0.68260961799298	0.21315928977669	1.4523687667999
0.71674009889263	1.2861561247094	0.67286338621620
0.75087057979228	1.3813545030477	-0.58776649041959
0.78500106069193	0.52195058010609	-1.4354389581227
0.81913154159158	-0.62836793220452	-1.3318776473251
0.85326202249123	-1.2646324453492	-0.42515797346111
0.88739250339088	-0.99357957577311	0.60406602496484
0.92152298429053	-0.068475591367931	1.0444908452474
0.95565346519018	0.83165052094417	0.63805801993114
0.98978394608983	1.0930393441713	-0.27848933695540
1.0239144269895	0.58032344617723	-1.0427046485097
1.0580449078891	-0.30405437469801	-1.1409438714186
1.0921753887888	-0.92899507881751	-0.54794336798246
1.1263058696884	-0.88032734014416	0.28575332931354
1.1604363505881	-0.23167583264499	0.77159112854595
1.1945668314877	0.53533693588195	0.59475077705682
1.2286973123874	0.88523259412388	-0.085564298291655
1.2628277932870	0.59922219477570	-0.77234143141290
1.2969582741867	-0.090819731634810	-0.99079468482510
1.3310887550863	-0.68679354117169	-0.61432783886263
1.3652192359860	-0.78075395018239	0.066362078785231
1.3993497168856	-0.33240606502046	0.56460357969163
1.4334801977853	0.32174930959913	0.54381564564806
1.4676106786849	0.71815394481580	0.042593112651833
1.5017411595846	0.59383102417294	-0.56912748562457
1.5358716404842	0.058471447400030	-0.86179690634247
1.5700021213839	-0.49777913469805	-0.64609720645797
1.6041326022835	-0.68725791692802	-0.093885495830456
1.6382630831832	-0.39348557784495	0.39652459179149
1.6723935640828	0.15924414728891	0.48630028646744
1.7065240449825	0.57575984269971	0.12902873454246
1.7406545258821	0.57132422710605	-0.40879876943694
1.7747850067818	0.16557006574760	-0.74548607181214
1.8089154876814	-0.34354394658914	-0.65392970538817
1.8430459685811	-0.59672871529187	-0.21415932520075
1.8771764494807	-0.42683341636866	0.25423141025854
1.9113069303804	0.032503856261326	0.42324112636694
1.9454374112800	0.45031806832971	0.18532949812432
1.9795678921797	0.53631488176848	-0.27921946338751
2.0136983730793	0.24175426108842	-0.63812490532037
2.0478288539790	-0.21458628871663	-0.64414805189124
2.0819593348786	-0.50837356908322	-0.30471335031415
2.1160898157782	-0.43924139891169	0.13143398606797
2.1502202966779	-0.067157909841960	0.35609258775756
2.1843507775775	0.33801375622450	0.21858519307129
2.2184812584772	0.49166677385590	-0.17363630274844
2.2526117393768	0.29389929379461	-0.53820930187526
2.2867422202765	-0.10615412432232	-0.62067051901439
2.3208727011761	-0.42218814208331	-0.37167144081150
2.3550031820758	-0.43522779586363	0.024644403335513
2.3891336629754	-0.14475285500470	0.28621639355964
2.4232641438751	0.23704853100236	0.23347078893269
2.4573946247747	0.43991981225741	-0.087932119133665
2.4915251056744	0.32654433291235	-0.44514667903560
2.5256555865740	-0.014924408431326	-0.58667681983640
2.5597860674737	-0.33871357920426	-0.41902538330720
2.5939165483733	-0.41804939495560	-0.068093452018484
2.6280470292730	-0.20356387453804	0.21501107130956
2.6621775101726	0.14660001953886	0.23319751032119
2.6963079910723	0.38312754940831	-0.019612917576247
2.7304384719719	0.34278985242587	-0.35903971532187
2.7645689528716	0.060823231306833	-0.54456940633321
2.7986994337712	-0.25872401815986	-0.44966064312471
2.8328299146709	-0.39036515426820	-0.14782756500468
2.8669603955705	-0.24605584669785	0.14379865773632
2.9010908764702	0.066227136662649	0.22042572137659
2.9352213573698	0.32302862441562	0.033221081816157
2.9693518382695	0.34513290325090	-0.28011551092662
3.0034823191691	0.12235072161333	-0.49637652907342
3.0376128000688	-0.18299515966376	-0.46568676040497
3.0717432809684	-0.35427178667109	-0.21520706785111
3.1058737618681	-0.27394839268681	0.073905261217160
3.1400042427677	-0.0040261417813876	0.19736251100789
3.1741347236674	0.26138837233874	0.071858734001037
3.2082652045670	0.33564059379021	-0.20890843144097
3.2423956854667	0.17055951550949	-0.44400898696842
3.2765261663663	-0.11253809932528	-0.46895703537759
3.3106566472660	-0.31183609955596	-0.27060913759929
3.3447871281656	-0.28874364581306	0.0066869199380074
3.3789176090653	-0.064067326431144	0.16600417285394
3.4130480899649	0.19979025705030	0.097494291139454
3.4471785708646	0.31621014739134	-0.14594448549281
3.4813090517642	0.20615887754423	-0.38930387078504
3.5154395326639	-0.048297558509731	-0.46117656897645
3.5495700135635	-0.26495799593436	-0.31428464087556
3.5837004944632	-0.29188524043096	-0.056508597818551
3.6178309753628	-0.11376629149651	0.12828308147491
3.6519614562625	0.13985606190584	0.11124843139433
3.6860919371621	0.28871770601874	-0.091750525857984
3.7202224180618	0.22987696934494	-0.33402522135658
3.7543528989614	0.0087811979915112	-0.44398919615452
3.7884833798611	-0.21556767870909	-0.34658377236179
3.8226138607607	-0.28486991265892	-0.11440820584109
3.8567443416604	-0.15310245602848	0.086230794572831
3.8908748225600	0.083025643010270	0.11438719487970
3.9250053034597	0.25501991882319	-0.046655830468916
3.9591357843593	0.24267412013138	-0.27976533893744
3.9932662652590	0.058047985178874	-0.41913115933663
4.0273967461586	-0.16543004331533	-0.36806184701778
4.0615272270583	-0.26931504532287	-0.16600784215657
4.0956577079579	-0.18241859903829	0.041707970384596
4.1297881888576	0.030523084642322	0.10835341265729
4.1639186697572	0.21689531847592	-0.010593183172174
4.1980491506568	0.24557781014388	-0.22782071002766
4.2321796315565	0.099059103747436	-0.38815799991969
4.2663101124561	-0.11609889475529	-0.37932091940041
4.3004405933558	-0.24673918014860	-0.21045364116622
4.3345710742554	-0.20208477909339	-0.0035809701590010
4.3687015551551	-0.016754233058677	0.094575201075456
4.4028320360547	0.17586208764057	0.016641643412710
4.4369625169544	0.23953945403487	-0.17914646238877
4.4710929978540	0.13152570395859	-0.35232491984590
4.5052234787537	-0.068879062889342	-0.38081799937355
4.5393539596533	-0.21848565625679	-0.24693307291925
4.5734844405530	-0.21251421766412	-0.048000328323127
4.6076149214526	-0.058000053108527	0.074428062631090
4.6417454023523	0.13320480082550	0.035386966465494
4.6758758832519	0.22529309948140	-0.13443831230532
4.7100063641516	0.15498538846972	-0.31245215336724
4.7441368450512	-0.025082173451517	-0.37252984421855
4.7782673259509	-0.18569069155495	-0.27419211542405
4.8123978068505	-0.21382644083553	-0.089671792570057
4.8465282877502	-0.092301206008210	0.049348132450224
4.8806587686498	0.089977155689812	0.045971866101167
4.9147892495495	0.20297724322284	-0.094058668961101
4.9489197304491	0.16831100511378	-0.26849888918216
4.9830502113488	0.013637246053956	-0.35293949704901
5.0171806922484	-0.14923181175506	-0.28931112722246
5.0513111731481	-0.20534421707604	-0.12544291658512
5.0854416540477	-0.11805152473993	0.021314778450732
5.1195721349474	0.046994638067541	0.048904723611496
5.1537026158470	0.17102026652862	-0.057501752724071
5.1878330967467	0.16784091828859	-0.21737800370227
5.2219635776463	0.044033960008739	-0.31486563266123
5.2560940585460	-0.10878874489913	-0.28220768015219
5.2902245394456	-0.18232823170927	-0.14621771684782
5.3243550203453	-0.12981768573466	-0.0052118536928937
5.3584855012449	0.0029832097408480	0.045194387243575
5.3926159821446	0.11545329541688	-0.017932698515441
5.4267464630442	0.12962664063842	-0.13065494923720
5.4608769439439	0.049259248160425	-0.19372574964539
5.4950074248435	-0.044167419515384	-0.15118052124520
5.5291379057432	-0.057446284797163	-0.036889835797527
5.5632683866428	0.024362020191726	0.046792826422584
5.5973988675425	2.2896375228110	0.042562710054160
5.6315293484421	0.44249523662512	-0.16860904160107
5.6656598293418	0.36224718161979	-0.39463097096119
5.6997903102414	0.15186941955331	-0.53381107959878
5.7339207911411	-0.096418801982386	-0.49756904457020
5.7680512720407	-0.24404570036214	-0.30709118585540
5.8021817529404	-0.21168554582031	-0.083366824679238
5.8363122338400	-0.036352231179424	0.032434949534932
5.8704427147397	0.15214212369256	-0.025709466158895
5.9045731956393	0.21957106153198	-0.20393818681489
5.9387036765390	0.11941060139432	-0.36630300157909
5.9728341574386	-0.075279625371809	-0.38978307958419
6.0069646383383	-0.22327645781748	-0.25092204461375
6.0410951192379	-0.21519058325046	-0.043803516836387
6.0752256001376	-0.053843482332890	0.083959037882089
6.1093560810372	0.13827165457655	0.034241696130515
6.1434865619369	0.17802159002096	-0.16712395440017
6.1776170428365	-0.21803343929915	-0.34305543168462
6.2117475237362	1.7473473967603	-1.0601210406474
6.2458780046358	0.20179638424707	-0.67661661807712
6.2800084855354	-0.089841893837458	-0.43783391455315
6.3141389664351	-0.11008727935921	-0.20415935416776
6.3482694473347	0.023607270009640	-0.090240883223118
6.3823999282344	0.16831552396291	-0.13699611328511
6.4165304091340	0.20689675514343	-0.27918850476144
6.4506608900337	0.11478354960701	-0.39601516299737
6.4847913709333	-0.034358606970798	-0.39786583096988
6.5189218518330	-0.12932527276372	-0.28626846675646
6.5530523327326	-0.10388030915482	-0.14643882170547
6.5871828136323	0.017679621689035	-0.080957690587075
6.6213132945319	0.14225065396223	-0.13446745727506
6.6554437754316	0.17839053619742	-0.26359382383159
6.6895742563312	0.10276830534137	-0.37185154030410
6.7237047372309	-0.025287796650327	-0.38199157546048
6.7578352181305	-0.11015830661478	-0.29186478995266
6.7919656990302	-0.091428595540151	-0.17349665080412
6.8260961799298	0.012604495777010	-0.11738047825019
6.8602266608295	0.12117381152769	-0.16457998754646
6.8943571417291	0.15381147944101	-0.27742877542790
6.9284876226288	0.092001769192385	-0.37065469762316
6.9626181035284	-0.0072618995983505	-0.37929194566094
6.9967485844281	-0.057250465650642	-0.31173886832660
7.0308790653277	-0.012838347839450	-0.24642240693549
7.0650095462274	0.086533778962740	-0.27206696526723
7.0991400271270	0.13702950142261	-0.41449459908291
7.1332705080267	0.041340414514382	-0.60575257868418
7.1674009889263	-0.23137432865037	-0.72759507532376
7.2015314698260	-3.7730868068470	-1.9919741668729
7.2356619507256	-0.50247781368183	-0.30952088422697
7.2697924316253	-0.52525395275055	-0.0025229291507788
7.3039229125249	-0.31409319487748	0.22337575442004
7.3380533934246	-0.014976643989819	0.24640088928062
7.3721838743242	0.20350481035206	0.072970982467520
7.4063143552239	0.23379901240477	-0.17636782596364
7.4404448361235	0.089512575609824	-0.34635043221360
7.4745753170232	-0.11020930161096	-0.34505928883447
7.5087057979228	-0.21544836602077	-0.20133186648926
7.5428362788225	-0.23053532014485	0.024156447173032
7.5769667597221	-0.037628558035180	0.10730139356681
7.6110972406218	0.15313985485606	0.060494382903104
7.6452277215214	0.25986668204976	-0.084811444066500
7.6793582024211	0.26770485136195	-0.22905903885513
7.7134886833207	1.4357771152537	-0.12642391558684
7.7476191642204	-0.038869764845472	-0.30864953563962
7.7817496451200	-0.0093041114839522	-0.26951837829949
7.8158801260197	0.039846369191007	-0.28519070580510
7.8500106069193	0.052512793003263	-0.37889723509968
7.8841410878190	-0.047277523170647	-0.52337119277590
7.9182715687186	-1.8018257591520	-0.89560826550545
7.9524020496183	-0.16285700393808	-0.24126163029531
7.9865325305179	-0.24820731872354	-0.13766358588739
8.0206630114176	-0.17371431826238	0.0019024109616162
8.0547934923172	-0.0040596299183191	0.044441071719719
8.0889239732169	0.15048142534923	-0.048557019219621
8.1230544541165	0.19308221011415	-0.22022808049936
8.1571849350162	0.10475362881819	-0.36087418045781
8.1913154159158	-0.043318576320358	-0.38566682963885
8.2254458968155	-0.14077438068137	-0.29485679503763
8.2595763777151	-0.11708925321880	-0.17384393479964
8.2937068586147	0.0076864898577955	-0.13323088985023
8.3278373395144	0.13653543389735	-0.23371127837049
8.3619678204140	0.16002646428927	-0.45884201671257
8.3960983013137	-0.023475073511041	-0.82114553328885
8.4302287822133	-1.5638789635285	0.63293001695932
8.4643592631130	-0.17305436418796	0.098485750285687
8.4984897440126	-0.11556824018743	0.061382305309863
8.5326202249123	0.020840419650741	0.063689860381372
8.5667507058119	0.16639778095199	-0.036555691906296
8.6008811867116	0.21354617225134	-0.22153595431314
8.6350116676112	0.12029029407906	-0.38722563994938
8.6691421485109	-0.053706408470257	-0.43211770324734
8.7032726294105	-0.18852918839904	-0.33815539305052
8.7374031103102	-0.19399109365849	-0.18873329676454
8.7715335912098	-0.083727741111744	-0.10569839517814
8.8056640721095	0.029865283793760	-0.12058095274156
8.8397945530091	0.26729178313717	-0.28880466006474
8.8739250339088	0.056257679458796	-0.57688089192728
8.9080555148084	-0.23127294220069	-0.58984012035248
8.9421859957081	-0.43598705719900	-0.39271375428075
8.9763164766077	-0.42407858802604	-0.10306045391846
9.0104469575074	-0.18217381710834	0.081241450812571
9.0445774384070	0.13951220641990	-0.0065610872580981
9.0787079193067	0.23164709512778	-0.36838939049755
9.1128384002063	-0.11139873308578	-0.32542548806550
9.1469688811060	-0.32277139166758	-0.79012142591321
9.1810993620056	-0.42768641150689	-0.52357452849416
9.2152298429053	-0.37855294795035	-0.30790279238466
9.2493603238049	-0.092418744496242	-0.26176578207897
9.2834908047046	0.27718740960950	-0.65768727916402
9.3176212856042	0.34699845952605	-1.7198086998653
9.3517517665039	-0.59167530233955	-3.9103026533129
9.3858822474035	-10.145531703599	-14.311987173489
9.4200127283032	3.3978960991673	7.6017717139259
9.4541432092028	2.0122294394285	5.8146494883462
9.4882736901025	6.5787190598005	-6.2939808185092
9.5224041710021	0.22222083244014	-2.3856210760055
9.5565346519018	-0.40331301819145	-1.0363497891298
9.5906651328014	-0.37919727080718	-0.12642371065353
9.6247956137011	0.059081648938584	0.11977281297975
9.6589260946007	0.34558051785164	-0.090986564253670
9.6930565755004	0.32574411806872	-0.38759760633794
9.7271870564000	0.075947895946587	-0.46909655317317
9.7613175372997	-0.035234366126872	-0.61480954051141
9.7954480181993	-0.12822806655365	-0.12421489885758
9.8295784990990	-0.10517724899343	0.057473555526027
9.8637089799986	0.11012999827987	0.11972752049387
9.8978394608983	0.18354734035800	-0.23592203291159
9.9319699417979	0.12796800935563	-0.36818101009555
9.9661004226976	-0.097869509208310	-0.31805796876052
10.000230903597	-0.27466803905407	-0.18541819390570
10.034361384497	-0.22344048129350	0.030836780675401
10.068491865397	-0.015057210648694	0.13348469187772
10.102622346296	0.22910050262526	0.033606062025189
10.136752827196	0.63396026163479	-0.43126571945611
10.170883308095	0.0010566908444166	-0.22247777673538
10.205013788995	-0.13260369600004	-0.30842303104723
10.239144269895	-0.26976975100929	-0.19539191178668
10.273274750794	-0.26312353369694	-0.0079297085951436
10.307405231694	-0.11458212701111	0.10708696701001
10.341535712594	0.063382552229452	0.066519688248944
10.375666193493	0.13808162374885	-0.091737301419046
10.409796674393	0.058993857877954	-0.24061393251356
10.443927155293	-0.10509625648094	-0.26410908393462
10.478057636192	-0.22327283516088	-0.14475850451738
10.512188117092	-0.20004508255527	0.032210491212117
10.546318597992	0.0019888528303144	0.16403928294436
10.580449078891	-0.034262920075384	0.015093237955325
10.614579559791	0.10301510883570	-0.068746615578482
10.648710040691	0.064345049616624	-0.19723760415898
10.682840521590	-0.064748028860018	-0.23688694985480
10.716971002490	-0.17779004406461	-0.15696432592569
10.751101483389	-0.18941197777687	-0.016069804634496
10.785231964289	-0.092274207972075	0.085703712620128
10.819362445189	0.040778067576155	0.082422903403273
10.853492926088	0.11345231261545	-0.0062500746269908
10.887623406988	0.082910982064925	-0.077289243352539
10.921753887888	0.053317304738159	0.17774456450776
10.955884368787	-0.17828321435798	-0.40961783920766
10.990014849687	-0.22309703492491	-0.053603310230377
11.024145330587	-0.085113755122563	0.070919119882018
11.058275811486	0.072871870963260	0.066240215686338
11.092406292386	0.16533577362006	-0.045946299273365
11.126536773286	0.13963439049139	-0.18087447073002
11.160667254185	0.023040613963921	-0.24342567770715
11.194797735085	-0.096846594350486	-0.19307472174171
11.228928215985	-0.13489269028515	-0.069600910844273
11.263058696884	-0.068313956973454	0.036818164890011
11.297189177784	0.029199993330118	0.061437328138965
11.331319658684	0.13246497422153	0.026876041285673
11.365450139583	0.15474947411366	-0.055156056911903
11.399580620483	0.11687407969669	-0.076011361417124
11.433711101382	0.13763675674241	0.027645868980202
11.467841582282	1.1350940209494	0.19347098774904
11.501972063182	-0.24204950875106	-0.24173120094589
11.536102544081	0.025056182862726	-0.073819020152067
11.570233024981	0.16500150416191	-0.14379800858119
11.604363505881	0.17552938192429	-0.27946634444948
11.638493986780	0.075495732642500	-0.36903815427991
11.672624467680	-0.036719181418424	-0.35607440251316
11.706754948580	-0.14834518966194	-0.33745594892667
11.740885429479	-0.20089064482732	-0.14403679962845
11.775015910379	-0.072264821458886	-0.037354118545683
11.809146391279	0.062946268371719	-0.074484819656953
11.843276872178	0.10603895723821	-0.19542887502235
11.877407353078	0.033185932569384	-0.29945550846578
11.911537833978	-0.098221357354305	-0.30528540862372
11.945668314877	-0.19108901818999	-0.20406178876054
11.979798795777	-0.17677695124557	-0.063552254981727
12.013929276677	-0.062835772954659	0.020645322508130
12.048059757576	0.073156295993093	-0.0069797804882216
12.082190238476	0.13971439048365	-0.12264638257347
12.116320719375	0.12650224939690	-0.22615067325898
12.150451200275	-0.033183427905826	-0.28171547180688
12.184581681175	-0.14148063029625	-0.20779102503255
12.218712162074	-0.14584351996359	-0.048657735226711
12.252842642974	-0.085124408277640	-0.0039341642603910
12.286973123874	0.049112665632345	0.041231554633701
12.321103604773	0.14595208389550	-0.17321087658946
12.355234085673	0.23599017862456	-0.22168499658184
12.389364566573	-0.00089328304409667	-0.29436438772100
12.423495047472	-0.11047708120221	-0.24098581739317
12.457625528372	-0.13048224235787	-0.10982077348965
12.491756009272	-0.12227679684829	0.034647968672292
12.525886490171	0.18368385233436	-0.29177223941023
12.560016971071	0.16151223832618	-0.15217006221841
12.594147451971	0.53001675720155	-0.22616142324121
12.628277932870	0.17612702306743	-0.53188221481637
12.662408413770	-0.12446426740818	-0.38509393856670
12.696538894669	-0.16051543067348	-0.23461999607909
12.730669375569	-0.086179009787520	-0.11386460723819
12.764799856469	0.0016327711499855	-0.15898094870553
12.798930337368	0.041775503484532	-0.11971021285249
12.833060818268	0.081341818737221	-0.21797601363097
12.867191299168	0.014895139414857	-0.30298330692312
12.901321780067	-0.097055776126065	-0.29994802652072
12.935452260967	-0.17179645719159	-0.20690391313239
12.969582741867	-0.16081584508597	-0.096088360422395
13.003713222766	-0.046859359320570	-0.026404564918609
13.037843703666	0.067879715794966	-0.063489545907262
13.071974184566	0.11272800943511	-0.17275541193947
13.106104665465	0.058017852477184	-0.27541474281651
13.140235146365	-0.055370490396805	-0.29813647842198
13.174365627265	-0.14548640409836	-0.22528177350174
13.208496108164	-0.14933814799940	-0.10980323477145
13.242626589064	-0.077770435238413	-0.032059693847269
13.276757069964	0.14837152276864	-0.096033099551797
13.310887550863	0.13250620073945	-0.17969091680491
13.345018031763	0.053499561596401	-0.27153672696475
13.379148512662	0.068548158404536	-0.46964860680862
13.413278993562	-0.13664394736151	-0.31346568232458
13.447409474462	-0.17902996870333	-0.17152506155534
13.481539955361	-0.11201029987213	-0.053431755043103
13.515670436261	0.020949753802984	-0.049618192499486
13.549800917161	0.10875582473279	-0.13027317340279
13.583931398060	0.10068778708784	-0.25074117971482
13.618061878960	0.0024928241788682	-0.32117300250445
13.652192359860	0.073068996769474	-0.34580340919805
13.686322840759	-0.16492522749829	-0.19407319453386
13.720453321659	-0.11991115256604	-0.086779056622960
13.754583802559	-0.010937763334530	-0.055933686066012
13.788714283458	0.079935967244645	-0.12224452297754
13.822844764358	0.083211376911077	-0.23644535059249
13.856975245258	-0.011541904343269	-0.31220354817530
13.891105726157	-0.12468898531198	-0.29989949612988
13.925236207057	-0.11539869415904	-0.25498010812601
13.959366687957	-0.13916590613110	-0.10247972181324
13.993497168856	-0.030099664826367	-0.076091481517294
14.027627649756	0.064338082463821	-0.10856838037434
14.061758130655	0.089791481250379	-0.21568296907400
14.095888611555	0.020196061497957	-0.30585676277578
14.130019092455	-0.095598499812648	-0.31072414207872
14.164149573354	-0.17405447636247	-0.22521761361782
14.198280054254	-0.15340292799885	-0.11275441536616
14.232410535154	-0.067548239743171	-0.047843728822076
14.266541016053	0.042710618657798	-0.085292410001236
14.300671496953	0.082542631285798	-0.19444358940333
14.334801977853	0.021966988243841	-0.29651626707366
14.368932458752	-0.098205677893928	-0.31689922238089
14.403062939652	-0.19476210941341	-0.23873437365582
14.437193420552	-0.20183135696960	-0.11431511002495
14.471323901451	-0.11724314725454	-0.025520458750313
14.505454382351	0.0023456869672656	-0.021986207080658
14.539584863251	0.10132673101058	-0.10401367357070
14.573715344150	0.097916365942661	-0.25832590267491
14.607845825050	-0.048641203825012	-0.36308840127433
14.641976305949	-0.17211900575559	-0.26740713242312
14.676106786849	-0.19848507385841	-0.15031729782268
14.710237267749	-0.13092116092819	-0.057960076533746
14.744367748648	-0.021363592406470	-0.052784483544332
14.778498229548	0.049279390935923	-0.13423126890486
14.812628710448	0.032155310235022	-0.23756297716174
14.846759191347	-0.068662287325748	-0.30159079317440
14.880889672247	-0.17365655198144	-0.26893720692617
14.915020153147	-0.21828277417060	-0.17764174957526
14.949150634046	-0.17567555646729	-0.10766310202467
14.983281114946	-0.12540823306777	-0.15642773372949
15.017411595846	-0.56043230296258	-0.54536079012709
15.051542076745	0.15025096775598	-0.068014549457689
15.085672557645	-0.12073652768502	-0.22823500973245
15.119803038545	-0.16759122477993	-0.16775709885663
15.153933519444	-0.42223724942835	-0.051670336795714
15.188064000344	-1.2024512884511	0.16556404855008
15.222194481244	0.54969457750740	0.52783716034532
15.256324962143	2.6293653348447	0.29220009983875
15.290455443043	0.28188899948968	-0.54325512307674
15.324585923942	0.14100556696329	-0.48067477221865
15.358716404842	-0.032264034650293	-0.43917087796740
15.392846885742	-0.16178932746494	-0.30946138061317
15.426977366641	-0.17843693547661	-0.14211782641783
15.461107847541	-0.098603584747785	-0.054819576371707
15.495238328441	0.14447653444502	0.020569298481902
15.529368809340	0.12666429828524	-0.089294672701878
15.563499290240	0.076728063306782	-0.12637820402223
15.597629771140	0.084122400624225	-0.021885615951460
15.631760252039	0.37146998379633	-0.11469050453356
15.665890732939	0.15494251706826	-0.37523891117622
15.700021213839	0.064382692797354	-0.25887068175870
15.734151694738	0.14369293806856	-0.24609553431012
15.768282175638	0.18428113556495	-0.39172144754830
15.802412656538	-0.017252944038856	-0.76914122954714
15.836543137437	0.25946535179809	-0.14525281640801
15.870673618337	-0.018613272639295	-0.32548730836014
15.904804099237	-0.11573819093596	-0.23298426434208
15.938934580136	-0.073811627571294	-0.11893856096220
15.973065061036	0.050731442025209	-0.092518954162540
16.007195541935	0.17248478973308	-0.19957307616568
16.041326022835	0.14257775407276	-0.31110030320989
16.075456503735	0.034233312572389	-0.40749271652024
16.109586984634	-0.052901091668705	-0.51694947766763
16.143717465534	-0.18775156814052	-0.28823800050763
16.177847946434	-0.13680455730413	-0.16078938574262
16.211978427333	0.044920230595800	-0.18841305122038
16.246108908233	-0.35441727970093	0.62387553278821
16.280239389133	0.11864898737273	-0.052712813352574
16.314369870032	0.094158466029028	-0.23993703587752
16.348500350932	-0.020987377946992	-0.29992830757355
16.382630831832	-0.11658143570217	-0.23742435005837
16.416761312731	-0.11206256671369	-0.11548008546611
16.450891793631	0.0090010447966488	-0.023461748009842
16.485022274531	0.34056806998946	-0.018200801095438
16.519152755430	0.018880390519599	-0.32485913416299
16.553283236330	0.031258304086032	-0.35708073135537
16.587413717229	-0.062247111026051	-0.37427340927912
16.621544198129	-0.13499486601398	-0.28883240070888
16.655674679029	-0.095934071467857	-0.27269302336433
16.689805159928	-0.050837831928239	-0.15846521644106
16.723935640828	0.022625097528655	-0.19536729607655
16.758066121728	0.092187398843112	-0.28520984759917
16.792196602627	0.057308701681052	-0.40900235420035
16.826327083527	-0.059821662751586	-0.46935088500870
16.860457564427	-0.16619211930731	-0.42623732509091
16.894588045326	-0.32560653281979	-0.31052014202282
16.928718526226	-0.16718778080715	-0.22135164300924
16.962849007126	-0.030252991206008	-0.25630056002011
16.996979488025	-0.96824785050768	-0.13569483893733
17.031109968925	-0.12478235860841	-0.32903903766067
17.065240449825	-0.14994754267848	-0.56262460202890
17.099370930724	-0.31217074034060	-0.53333652471271
17.133501411624	-0.38225871351235	-0.48567525697674
17.167631892524	-0.37666757728796	-0.56791632169984
17.201762373423	-0.58795621215019	-1.0568805941834
17.235892854323	-1.9715835671816	1.3572865949725
17.270023335222	-4.0235327670865	2.0844235577879
17.304153816122	-0.31562034540556	5.3659324607473
17.338284297022	5.0792693124553	-2.9041328495359
17.372414777921	0.064349203166764	-1.2904675045130
17.406545258821	-0.026593438494418	0.14386509368247
17.440675739721	-0.045604426798374	-0.68530992919716
17.474806220620	0.21684850713727	-0.25175498626769
17.508936701520	0.062222656565860	-0.26093252522239
17.543067182420	0.050685357219508	-0.30609623418830
17.577197663319	-0.031069103257277	-0.33915128426824
17.611328144219	-0.12974612618983	-0.29365462432087
17.645458625119	-0.11824868367082	-0.13448387260352
17.679589106018	-0.14336024100727	-0.10883943474998
17.713719586918	-0.035337473064161	-0.062614195573811
17.747850067818	0.088211281808502	-0.096504489540062
17.781980548717	0.057377123186336	-0.27924195464550
17.816111029617	0.018365564349699	-0.15894675820378
17.850241510517	-0.19993511156391	-0.26564125287242
17.884371991416	-0.20463597317625	-0.16864909630496
17.918502472316	-0.15746232694501	-0.085864702291151
17.952632953215	-0.069661312949121	-0.061817553985770
17.986763434115	0.00039934951908989	-0.10900379951382
18.020893915015	0.0034394632532248	-0.18379484508777
18.055024395914	-0.040010905468844	-0.15668183991646
18.089154876814	-0.15346089967158	-0.27649094851190
18.123285357714	-0.19483571366504	-0.17350848163905
18.157415838613	-0.15859328584161	-0.080714787483619
18.191546319513	-0.067576562002236	-0.048741068171219
18.225676800413	0.014279982885516	-0.098437598336336
18.259807281312	0.027961494786118	-0.19451978547193
18.293937762212	-0.038131815026002	-0.26887139495622
18.328068243112	-0.13966091962456	-0.26863801566122
18.362198724011	-0.20869866866935	-0.19348348912522
18.396329204911	-0.21136723271006	-0.087635897809337
18.430459685811	-0.10025840330613	-0.061998267662000
18.464590166710	-0.0050509253708716	-0.12454677783819
18.498720647610	-0.0018332404022279	-0.23413642033877
18.532851128510	-0.10826938131069	-0.38645489351825
18.566981609409	-0.58979985863435	-0.57148400796370
18.601112090309	-0.30092159856049	0.52901191973716
18.635242571208	-0.083745978899695	0.29596896651481
18.669373052108	-0.020003293334652	0.27457552208422
18.703503533008	0.34543783023697	0.042638229639761
18.737634013907	0.11951871979328	-0.068976363284282
18.771764494807	0.051868949570089	0.22068217643229
18.805894975707	0.48655479696866	0.46869227625191
18.840025456606	0.34289631719045	-0.82591249792325
18.874155937506	-0.099461100977361	-0.46444027457466
18.908286418406	-0.11752823517829	-0.24407749814359
18.942416899305	-0.066010782968728	-0.14522737323225
18.976547380205	-0.096408684838688	0.032211582208704
19.010677861105	0.13013433869380	-0.65274338331297
19.044808342004	-0.071897459556012	-0.46396135251514
19.078938822904	-0.17628566444194	-0.35598284473137
19.113069303804	-0.19874466461487	-0.22643993601406
19.147199784703	-0.13203667421680	-0.13187695904265
19.181330265603	-0.023779322528110	-0.14132132445377
19.215460746502	0.040861462636301	-0.12151447153793
19.249591227402	-0.10142443391328	-0.18535862773587
19.283721708302	-0.051402576986209	-0.29932588176359
19.317852189201	-0.15185051122867	-0.28027320724913
19.351982670101	-0.20122963784577	-0.18638679310418
19.386113151001	-0.17099264438003	-0.083425000772341
19.420243631900	-0.033586414529884	0.026688434711579
19.454374112800	0.085479702965427	-0.41572881784191
19.488504593700	0.021643105225952	-0.31861294866862
19.522635074599	-0.077798630523626	-0.34378335037013
19.556765555499	-0.18426184830489	-0.30747846145257
19.590896036399	-0.23284750720000	-0.18952348288293
19.625026517298	-0.18625696372952	-0.10464359878938
19.659156998198	-0.067496064984150	-0.068555510636357
19.693287479098	0.057551492442791	-0.18742548038718
19.727417959997	0.050500981500438	-0.44908140174629
19.761548440897	0.019317241728916	0.17757935912485
19.795678921797	-0.023164473156663	-0.17367689980655
19.829809402696	-0.21383931603217	-0.12712293266987
19.863939883596	-0.18423028427149	-0.048694019403229
19.898070364495	-0.10252296426905	0.013950626291921
19.932200845395	0.068599369539609	0.069474251247159
19.966331326295	-0.021139065914308	-0.23145013655090
20.000461807194	-0.064298271468337	-0.19841762593738
20.034592288094	-0.089270498040819	-0.15253383876595
20.068722768994	-0.18011439598433	-0.12244778358054
20.102853249893	-0.18685920220566	-0.13184489447073
20.136983730793	0.27845645665329	-0.24141815114199
20.171114211693	0.0016434801756906	-0.093780122590984
20.205244692592	0.057944469821572	-0.12659516060200
20.239375173492	0.047632568223251	-0.28255656937553
20.273505654392	-0.11479264421204	-0.28035788157299
20.307636135291	-0.18629680594872	-0.22885490123829
20.341766616191	-0.20363749255147	-0.12334588755018
20.375897097091	-0.13307572532728	-0.032758272141158
20.410027577990	0.071687531051202	-0.10077410245405
20.444158058890	0.023311260157932	-0.11122105819276
20.478288539790	0.021441583563982	-0.20790187840854
20.512419020689	-0.063044135406012	-0.26352882555392
20.546549501589	-0.16264531717799	-0.22616943408968
20.580679982488	-0.19731274495576	-0.11891022787329
20.614810463388	-0.12727932458078	-0.013018425328569
20.648940944288	0.14496493618076	-0.060428909353160
20.683071425187	-0.012658446784677	-0.066476917122796
20.717201906087	0.042318671138779	-0.15798948872747
20.751332386987	0.039093573547648	-0.22237116050468
20.785462867886	-0.13197025638129	-0.26294267332332
20.819593348786	-0.19507930872868	-0.16211353311180
20.853723829686	-0.15418526299494	-0.041965756545590
20.887854310585	-0.029607262870212	-0.013324528978282
20.921984791485	0.064634406166111	-0.085843155633191
20.956115272385	0.064989950290613	-0.20710197538235
20.990245753284	-0.090098662379350	-0.25785801215445
21.024376234184	-0.12497015125318	-0.26332512639739
21.058506715084	-0.21491364841974	-0.17916214347177
21.092637195983	-0.16089902206505	-0.084576834555251
21.126767676883	-0.099425681558912	0.0037943956137239
21.160898157782	0.018717971873972	0.024628651490409
21.195028638682	0.088239428490291	-0.23452331448355
21.229159119582	0.059306323275362	-0.25425058597616
21.263289600481	-0.094977219270968	-0.29767083893830
21.297420081381	-0.17928344872685	-0.21598978935830
21.331550562281	-0.18918905707829	-0.089605465700528
21.365681043180	-0.10199398353987	-0.042103405828842
21.399811524080	0.017770517293251	-0.021755652789866
21.433942004980	0.10760536603136	-0.11618403444604
21.468072485879	0.079415704096103	-0.24632612358301
21.502202966779	-0.016411523508655	-0.27745774717233
21.536333447679	-0.14237419161962	-0.26042132064842
21.570463928578	-0.14923145077398	-0.12364426717568
21.604594409478	-0.054830987593498	-0.064259617928673
21.638724890378	0.022259998586397	-0.010268951829537
21.672855371277	0.098238225878656	-0.17091756232452
21.706985852177	0.069293735371370	-0.26386415452039
21.741116333077	-0.026142917073378	-0.32362895138228
21.775246813976	-0.11624065882352	-0.21615144829997
21.809377294876	-0.12624839719856	-0.25347501905584
21.843507775775	-0.15263220075967	-0.13110050597452
21.877638256675	-0.10130016129557	-0.058196301848417
21.911768737575	0.12472787851293	-0.16167912918025
21.945899218474	0.10789295175803	-0.27319291982781
21.980029699374	0.046884023127605	-0.37162582482503
22.014160180274	-0.039562062976951	-0.40550336283219
22.048290661173	-0.088256198621406	-0.36179267806684
22.082421142073	-0.21439905315870	-0.37650139234376
22.116551622973	-0.13776023825635	-0.19979737251243
22.150682103872	0.20549217576738	-0.35695427968304
22.184812584772	-0.074901771477009	-0.80813268537105
22.218943065672	-0.17715428641606	-0.80896047735687
22.253073546571	-0.74639705398757	-1.6510901115562
22.287204027471	-4.0467670350115	-0.31601279504378
22.321334508371	-0.91274426469070	2.1225576491908
22.355464989270	-0.041093682048180	1.6806486887139
22.389595470170	1.4933534499121	2.0444984352553
22.423725951070	0.54552342383355	-1.6311316189383
22.457856431969	0.10435426542045	0.19986225234489
22.491986912869	-0.0092879431086564	-0.15526284693658
22.526117393768	-0.012369706927975	-0.048752327429474
22.560247874668	0.0088819204285225	-0.085630122415754
22.594378355568	-0.085129890467883	-0.069963791509500
22.628508836467	0.026427368037810	0.0065299361251010
22.662639317367	0.13577244129568	-0.043214315474418
22.696769798267	0.088874510476884	-0.21009513583302
22.730900279166	-0.0014002151109343	-0.25562995901572
22.765030760066	-0.10917952090278	-0.22823132742024
22.799161240966	-0.13002263621213	-0.15143983886783
22.833291721865	-0.11719965795840	-0.052922609056536
22.867422202765	-0.039254074509656	-0.0051677579233937
22.901552683665	0.055868144754922	-0.046052650525548
22.935683164564	0.083006455150562	-0.14412524845602
22.969813645464	0.042226902932228	-0.21212270261542
23.003944126364	-0.030747256457967	-0.21149026419863
23.038074607263	-0.17133047688541	-0.13076339961430
23.072205088163	-0.22884542866704	-0.14199527159130
23.106335569062	-0.071739551779061	-0.011923011658451
23.140466049962	-0.0037574700336568	0.014165995007074
23.174596530862	0.11015560544378	-0.15343461179971
23.208727011761	-0.012040228886813	-0.29098569274889
23.242857492661	-0.024427208110616	-0.27912397006075
23.276987973561	-0.16485937066312	-0.21875112824030
23.311118454460	-0.21784574129651	-0.086302167483804
23.345248935360	-0.098486291311987	0.014791887977175
23.379379416260	0.021533912886937	-0.0062107556401799
23.413509897159	0.094765647979240	-0.10385316950546
23.447640378059	0.063060491001700	-0.21831828148384
23.481770858959	-0.027652105034221	-0.27162815476096
23.515901339858	-0.17332606359839	-0.23480433440359
23.550031820758	-0.20565090189951	-0.090581116700026
23.584162301658	-0.081704325305910	0.021309063707890
23.618292782557	-0.040534780234738	-0.0099980434612567
23.652423263457	0.094858061806733	-0.18864262142264
23.686553744357	0.093743527995252	-0.21401943842878
23.720684225256	-0.035711700251834	-0.28030694367237
23.754814706156	-0.13782891505625	-0.21783766904390
23.788945187055	-0.16912549617905	-0.092425839163239
23.823075667955	-0.038157940760543	0.026116327907830
23.857206148855	-0.033651680125837	-0.075660274807241
23.891336629754	0.088567687375472	-0.098492797989608
23.925467110654	0.11476201975171	-0.21919825644400
23.959597591554	-0.069126869553473	-0.31264772407356
23.993728072453	-0.14687685508043	-0.21208674805561
24.027858553353	-0.059830487462714	-0.031007456018933
24.061989034253	-0.32268908066356	-0.087998988493800
24.096119515152	-0.081719039947617	0.031917136160840
24.130249996052	0.12364321051817	-0.0086611739674125
24.164380476952	0.10811441343516	-0.19554191147383
24.198510957851	0.0058944552096679	-0.29617535267674
24.232641438751	-0.14180080569483	-0.27170072246791
24.266771919651	-0.22079842465492	-0.10956507121528
24.300902400550	-0.10012318625784	0.13043284787220
24.335032881450	0.66088262050853	0.35216652923685
24.369163362350	-0.97594320368236	0.31520590177868
24.403293843249	0.88950204976397	-0.22347262740461
24.437424324149	0.12717237256882	-0.44959427991389
24.471554805048	0.0031945008025355	-0.46712943432220
24.505685285948	-0.20963532109592	-0.43583456859743
24.539815766848	-0.27620821510099	-0.27434405688232
24.573946247747	-0.19126383222236	-0.13576768705142
24.608076728647	-0.038355630798083	-0.14973690812251
24.642207209547	0.039792329682859	-0.28720091858031
24.676337690446	0.080538153114022	-0.47091878637353
24.710468171346	-0.48671272676439	-1.2992410481751
24.744598652246	-0.11800658758622	-0.027059749055176
24.778729133145	-0.62615169118456	-0.45762487952994
24.812859614045	-0.38170419141749	0.47846956338966
24.846990094945	-0.23622721648345	-0.18238820137933
24.881120575844	-0.37756357572879	0.66909678796115
24.915251056744	0.27377851066554	0.35308721830463
24.949381537644	0.0016059308086092	-0.0018091135989072
24.983512018543	-0.021639324415797	-0.033415090796275
25.017642499443	-0.12494276811330	0.0089209373739761
25.051772980342	-0.081593517985963	0.079847159864513
25.085903461242	-0.011124480149977	0.11594192061127
25.120033942142	0.099219589235280	0.091087507968059
25.154164423041	0.14204834649280	-0.042210138054624
25.188294903941	0.12213698460937	-0.13640150519303
25.222425384841	0.067364597534398	-0.21461140310624
25.256555865740	-0.20679886754262	-0.19145867945627
25.290686346640	-0.19043422180288	0.0010979990552665
25.324816827540	-0.058669195592822	0.10018726427551
25.358947308439	0.093134347221706	0.068735735940377
25.393077789339	0.17171939288439	-0.051308482362521
25.427208270239	0.23919325383814	-0.32709612824687
25.461338751138	-0.13268814055695	-0.37642948821798
25.495469232038	-0.15914247016708	-0.13876558594231
25.529599712938	-0.11225628364005	-0.033674636464127
25.563730193837	-0.067128220480286	0.060246075462665
25.597860674737	0.051100133448154	0.048128381950132
25.631991155637	0.18817423395137	-0.049628886221521
25.666121636536	0.11656161418985	-0.22240446583813
25.700252117436	-0.013983473117254	-0.26119151383160
25.734382598335	-0.098467806579969	-0.24348059021780
25.768513079235	-0.21504393606658	-0.073354012293894
25.802643560135	-0.074063285554878	0.072199388138435
25.836774041034	0.043444546335364	0.049973306682430
25.870904521934	0.14106503433299	-0.027443657138794
25.905035002834	0.14253180091653	-0.15940095881975
25.939165483733	0.029309563727164	-0.23060675975753
25.973295964633	-0.10049469649655	-0.16664417901009
26.007426445533	-0.079984249466342	-0.080027876411623
26.041556926432	0.12307163381765	0.52913646019202
26.075687407332	0.028461317602762	-0.52880377692794
26.109817888232	0.090444521085480	-0.35882749659586
26.143948369131	0.048933505056169	-0.32471359917734
26.178078850031	0.015063726947751	-0.36825833808153
26.212209330931	-0.13154493978684	-0.39379570576194
26.246339811830	-0.25670264187176	-0.25307041147263
26.280470292730	-0.21564296561759	-0.065692870989330
26.314600773630	0.017677067916273	0.031922944501365
26.348731254529	0.074851480208632	-0.10154338811163
26.382861735429	0.11049558845074	-0.21476106437043
26.416992216328	0.034063459866150	-0.32314966162475
26.451122697228	-0.040002937434103	-0.35384948675525
26.485253178128	-0.25042967745933	-0.22802883260280
26.519383659027	-0.19782267559795	-0.090456200132150
26.553514139927	-0.091064501958013	-0.022036234676104
26.587644620827	0.025107246762760	-0.054916925376273
26.621775101726	0.093202194716008	-0.10669830325253
26.655905582626	0.10293009040259	-0.30091245020958
26.690036063526	-0.073537714566342	-0.34491642345133
26.724166544425	-0.21546260037377	-0.30171022482349
26.758297025325	-0.24703695910108	-0.12774980597998
26.792427506225	-0.064513126946156	-0.030203618455000
26.826557987124	-0.031750993429260	-0.039590222696442
26.860688468024	0.072142137235697	-0.12427742115869
26.894818948924	0.051648273535779	-0.25182002393130
26.928949429823	-0.041817490827316	-0.31167455714819
26.963079910723	-0.19682756600723	-0.29905984214009
26.997210391622	-0.25408263168271	-0.14641571539470
27.031340872522	-0.17430547772123	-0.013437338426972
27.065471353422	-0.024422576996160	0.0045705228270532
27.099601834321	0.069987031181317	-0.088338161775383
27.133732315221	0.076928260908543	-0.21861456278301
27.167862796121	-0.026555020517853	-0.32988123370949
27.201993277020	-0.19345263444945	-0.28550938273567
27.236123757920	-0.23380975002585	-0.14502764334400
27.270254238820	-0.17845494535976	-0.017759547028740
27.304384719719	-0.051366163396279	0.015980459936453
27.338515200619	0.070667391395883	-0.049716435919629
27.372645681519	0.10030035197838	-0.19350554896553
27.406776162418	0.0075383442302867	-0.30974770574938
27.440906643318	-0.14197656271637	-0.31970165741398
27.475037124218	-0.25263800870205	-0.21121611764212
27.509167605117	-0.27490571547434	-0.039485010822131
27.543298086017	-0.093307482882766	0.055640736189481
27.577428566917	0.060412925568367	0.00018400756678259
27.611559047816	0.11708866799536	-0.15181665101881
27.645689528716	0.040015883342353	-0.29125193645578
27.679820009615	-0.11664059090246	-0.32408991213512
27.713950490515	-0.24293572311090	-0.22632785015741
27.748080971415	-0.25203687025727	-0.068731651050509
27.782211452314	-0.15185474336526	0.033618079108513
27.816341933214	-0.010716432590051	0.016695841991250
27.850472414114	0.041624437803302	-0.070467823452392
27.884602895013	0.083153107204569	-0.17496726201719
27.918733375913	-0.043151464703037	-0.27273204246618
27.952863856813	-0.17998031484482	-0.23920209157287
27.986994337712	-0.23827885692900	-0.073152089072928
28.021124818612	-0.13692951686691	0.061554913484838
28.055255299512	0.029332906441122	0.076095652402669
28.089385780411	0.16648312800973	-0.044891337062568
28.123516261311	0.14225453663401	-0.21709252248399
28.157646742211	-0.0020100192654281	-0.31421155626148
28.191777223110	-0.15126212130255	-0.27103644088216
28.225907704010	-0.21254705948877	-0.13630843298080
28.260038184910	-0.17745039992106	-0.043146631764661
28.294168665809	-0.012766873166776	0.057715690956532
28.328299146709	0.088964605516190	0.048231776010742
28.362429627608	0.17577138940490	-0.20881461871289
28.396560108508	0.029053423383457	-0.33201826448661
28.430690589408	-0.15061368109412	-0.29170178150814
28.464821070307	-0.23118267700928	-0.10922148623749
28.498951551207	-0.14377702302443	0.049582420459035
28.533082032107	0.059984798482720	0.11972287478256
28.567212513006	0.66069924905685	-0.18840750012447
28.601342993906	0.14416074709817	-0.24637146216545
28.635473474806	0.059239140868606	-0.36558469870575
28.669603955705	-0.097995373247034	-0.37162839229293
28.703734436605	-0.24377306516042	-0.27762196029257
28.737864917505	-0.26007557712227	-0.065576424121118
28.771995398404	-0.054321961761408	0.027809797429589
28.806125879304	-0.31507966666153	0.64031341132837
28.840256360204	0.10764549834898	-0.28236593178341
28.874386841103	0.075848727546217	-0.26311342225258
28.908517322003	-0.047156772316815	-0.31868213872541
28.942647802903	-0.17462747926433	-0.24411331945656
28.976778283802	-0.18508954547914	-0.097597933051283
29.010908764702	-0.097813345351912	0.0013720965160574
29.045039245601	0.073224048539863	0.010945840305851
29.079169726501	0.17892875701185	-0.14365371330400
29.113300207401	0.094204522810215	-0.32871590233414
29.147430688300	-0.045297679656336	-0.35043405604006
29.181561169200	-0.17724781668349	-0.29315798928248
29.215691650100	-0.23200858857644	-0.17597683243395
29.249822130999	-0.18085181690262	0.016034672641685
29.283952611899	0.014897616013097	0.052052159198807
29.318083092799	0.16220110368996	-0.072845495843135
29.352213573698	0.15697255124068	-0.25955896500847
29.386344054598	0.012910923522285	-0.36930757883900
29.420474535498	-0.17116020699012	-0.33865334322358
29.454605016397	-0.24179302792291	-0.14829217949395
29.488735497297	-0.16206450037482	-0.013664614595731
29.522865978197	0.032500069173256	0.025259867122007
29.556996459096	0.14912953169074	-0.086832432217984
29.591126939996	0.16136263462798	-0.26332413104864
29.625257420895	0.036096922826141	-0.39383166563979
29.659387901795	-0.15127732785010	-0.39134324245157
29.693518382695	-0.27934810370816	-0.24390782375014
29.727648863594	-0.24805936253770	-0.046587755954059
29.761779344494	-0.069612075142498	0.055461928392569
29.795909825394	0.071377625439327	-0.032134259230553
29.830040306293	0.15644411739825	-0.18290798197455
29.864170787193	0.066514909022887	-0.37568104150891
29.898301268093	-0.13427558972113	-0.37448038816695
29.932431748992	-0.26900334442479	-0.25321096761559
29.966562229892	-0.26842428838386	-0.056949438351751
30.000692710792	-0.11861025529422	0.070140653064649
30.034823191691	0.093153677435187	0.041319143429989
30.068953672591	0.18537404453051	-0.13830228974044
30.103084153491	0.11725411192966	-0.32005720831094
30.137214634390	-0.067725568563503	-0.37169916039413
30.171345115290	-0.21085139746639	-0.25443188429356
30.205475596190	-0.12902665791551	-0.15330814870803
30.239606077089	-0.15097735613832	-0.020061108925026
30.273736557989	0.032611313488719	0.0034633675751494
30.307867038888	0.17816938068515	-0.11621600449939
30.341997519788	0.14963440077914	-0.31920531297586
30.376128000688	-0.015155310127968	-0.42157279450057
30.410258481587	-0.19843041625325	-0.37173049041655
30.444388962487	-0.29027671084554	-0.19701880708560
30.478519443387	-0.15262903535552	0.012800227901673
30.512649924286	-0.0086104700112047	0.030577449256393
30.546780405186	0.15549796805733	-0.065870011912515
30.580910886086	0.16744941461307	-0.29623012897151
30.615041366985	0.011844684887076	-0.43459467818493
30.649171847885	-0.19628426820229	-0.41015712875459
30.683302328785	-0.31581275288391	-0.23655892685714
30.717432809684	-0.25777036903512	-0.033964686327387
30.751563290584	-0.073081882841479	0.047586318117911
30.785693771484	0.10406376725639	-0.039363812602757
30.819824252383	0.15509909473210	-0.22040687937212
30.853954733283	0.050733550985614	-0.38936203704599
30.888085214183	-0.14813385852660	-0.41344461847095
30.922215695082	-0.31272008716817	-0.28665507514655
30.956346175982	-0.28455943530905	-0.052728099675543
30.990476656881	-0.10985314945228	0.068968964695029
31.024607137781	0.11300281176473	0.0023071804702827
31.058737618681	0.18617647080354	-0.20079693956149
31.092868099580	0.086445175034793	-0.39324238628852
31.126998580480	-0.11330845400231	-0.43980820706019
31.161129061380	-0.29642984427261	-0.32733110732430
31.195259542279	-0.32498932728798	-0.12680065095784
31.229390023179	-0.17082910042343	0.011513754098932
31.263520504079	-0.11366012634625	0.094919528321878
31.297650984978	0.14526442295949	-0.081299654579835
31.331781465878	0.13939806525422	-0.31327514369082
31.365911946778	-0.060908561158188	-0.43681497808838
31.400042427677	-0.26934062688576	-0.36018518789474
31.434172908577	-0.36266483499433	-0.13620462079882
31.468303389477	-0.20946475413935	0.043195990442326
31.502433870376	0.0024431492020677	0.059781688787704
31.536564351276	0.15641367982577	-0.10778879638782
31.570694832175	0.098714289909358	-0.28846343979797
31.604825313075	-0.038608790574789	-0.41138014479371
31.638955793975	-0.24455754559820	-0.37328555632396
31.673086274874	-0.34746105312020	-0.18474918669635
31.707216755774	-0.27576382304793	0.023801691173331
31.741347236674	-0.049484795009658	0.10250460078759
31.775477717573	0.15006224349452	-0.025396030359029
31.809608198473	0.18034919392052	-0.26161508774968
31.843738679373	0.016913226642752	-0.43370261342867
31.877869160272	-0.21346137169538	-0.42563550490711
31.911999641172	-0.35132656290098	-0.23558037121098
31.946130122072	-0.29708974370642	-0.018699030587457
31.980260602971	-0.10842479188436	0.067064621294080
32.014391083871	0.093307778309746	-0.0099170092696278
32.048521564771	0.16671084144339	-0.22793608222036
32.082652045670	0.012428617610384	-0.42601971411888
32.116782526570	-0.27242055729435	-0.43464640097102
32.150913007470	-0.46748334689469	-0.22359544030154
32.185043488369	-0.37637134943029	0.090066497163837
32.219173969269	-0.10922805778713	0.15713129402978
32.253304450168	0.11750608083424	0.13226586216025
32.287434931068	0.22829094128196	-0.11474549334663
32.321565411968	0.14916745542600	-0.38619312311582
32.355695892867	-0.11125349812190	-0.46415362435291
32.389826373767	-0.33007787558335	-0.32911894400180
32.423956854667	-0.37762255961024	-0.083730084918903
32.458087335566	-0.23589193688120	0.12089013173207
32.492217816466	0.035210334795416	0.15910924741601
32.526348297366	0.21045946753050	-0.052729183389029
32.560478778265	0.17435609652140	-0.25704072721377
32.594609259165	0.071203644754019	-0.39979701849813
32.628739740065	-0.26029576141980	-0.38373391761098
32.662870220964	-0.32597678654733	-0.13284331926557
32.697000701864	-0.19968647169910	0.089993522389279
32.731131182764	0.072895725349208	0.12545599153234
32.765261663663	0.26665086060278	-0.048718255802765
32.799392144563	0.36049384686840	-0.33126239010153
32.833522625463	0.14673906419052	-0.64523573770642
32.867653106362	-0.24646768700939	-0.65769658730467
32.901783587262	-0.46602415762650	-0.36588910596207
32.935914068161	-0.40225238702445	-0.10543392148086
32.970044549061	-0.20919091966255	0.022178191210601
33.004175029961	-0.0068790406817123	-0.042274911310955
33.038305510860	0.060554042533047	-0.22531026009564
33.072435991760	-0.027579410900150	-0.43707864159735
33.106566472660	-0.28269102910716	-0.49470006346141
33.140696953559	-0.69048684270599	-0.27392975257229
33.174827434459	-0.48962947306983	0.22996147646879
33.208957915359	-0.13970819209974	0.33350574759543
33.243088396258	0.30746775674069	0.097519343451668
33.277218877158	0.074070918473004	-0.14424682439440
33.311349358058	0.075960988021987	-0.31106750222830
33.345479838957	-0.14358337183964	-0.38960302738644
33.379610319857	-0.34776091396792	-0.26777545306922
33.413740800757	-0.39214167393376	-0.013837989634156
33.447871281656	-0.20588241552906	0.20262576572517
33.482001762556	0.094028974012560	0.17132912502132
33.516132243455	0.26688776850076	-0.062008301768077
33.550262724355	0.18010182718504	-0.34495698167222
33.584393205255	-0.071273287297682	-0.46614008828386
33.618523686154	-0.32592647945943	-0.35007984955795
33.652654167054	-0.39804214430703	-0.086896657242385
33.686784647954	-0.23869943500275	0.14264409646207
33.720915128853	0.017041515010093	0.16148381619572
33.755045609753	0.22210748146634	-0.011349977820544
33.789176090653	0.21431550140610	-0.28778523902311
33.823306571552	-0.0049460203475021	-0.45665295738423
33.857437052452	-0.27392836850379	-0.39303989581255
33.891567533352	-0.39034667700853	-0.14553555384621
33.925698014251	-0.29254468831769	0.12125551434231
33.959828495151	-0.0041810425937735	0.19369639856048
33.993958976051	0.24100603788766	0.019029850516450
34.028089456950	0.27562677482359	-0.26964189226542
34.062219937850	0.055536224894706	-0.47845369329729
34.096350418750	-0.22679191543683	-0.46638873656053
34.130480899649	-0.39755283835107	-0.23814365636747
