s	betax	betay
0.	15.287040945054194	9.3741598171181
0.	15.287040945054194	9.3741598171181
0.14573875	15.337485007032539	9.460839661107816
0.34573875	15.411361535839461	9.587784354701979
0.39573875	15.43067147692194	9.62096532020786
0.44573874999999996	15.45031774155672	9.654724202556677
0.89573875	11.553807759291837	13.122320420435264
1.09573875	8.576927816305059	16.56283826535943
1.54573875	6.037572474725935	17.275125307597122
1.59573875	6.082383092012421	16.507893006469534
1.67073875	6.15145673465899	15.390274485635855
1.72073875	6.198744307567929	14.667348758985206
1.79573875	6.271533383648177	13.616190099866937
1.84573875	6.321297912179568	12.937570947693228
2.29573875	5.6727724965607225	9.42064123754141
2.3057387499999997	5.635751257715851	9.388923658029935
2.3307387499999996	5.543883155394356	9.309956738470927
2.4807387499999995	5.013224385185859	8.84596609770735
3.4807387499999995	2.3757781182166804	6.182504990866003
3.5807387499999996	2.1981471223484186	5.957271124941933
3.6207387499999997	2.1314786906614818	5.8692705655782715
3.6207606277462947	2.1314429122411123	5.869222761479648
3.7707606277462946	1.903752690417527	5.549874925762645
3.7957606277462945	1.8692292940670086	5.49828543257489
4.4207606277462945	1.3280522287396797	4.335085399500969
5.0457606277462945	1.3894390275191417	3.470648550026314
5.145760627746294	1.4565040130499818	3.3572152569461773
5.195760627746294	1.4959078897355376	3.303403002059683
5.245760627746294	1.5392260223678504	3.2515270082755716
5.695760627746294	2.3319568825099397	2.536912210829476
5.720760627746294	2.4015954452096113	2.4865956718958815
5.870760627746295	2.852035054151634	2.205731958918077
5.870760627746295	2.852035054151634	2.205731958918077
5.948260627746294	3.106664048431394	2.074747898565173
6.023260627746295	3.367287077024454	1.9571546073249282
6.1082606277462945	3.679554012870619	1.8347806136520102
6.183260627746295	3.9699902828296145	1.7364197984106349
6.275760627746295	4.347441636962937	1.627524091904917
6.300760627746295	4.453104532979782	1.6004467948032897
6.350760627746295	4.669088643976897	1.5492972749748581
6.3757606277462955	4.779409858957169	1.5252250522480542
6.475760627746295	5.2362224487563465	1.438953075923582
6.5007606277462955	5.354307528675664	1.4198893104881503
6.550760627746295	5.595136007477725	1.3847668539921099
6.575760627746296	5.71787940636047	1.3687081629315014
6.675760627746295	6.22438073176954	1.3144903132718115
7.1257606277462955	6.021071011404197	1.8335827022602202
7.225760627746295	5.440666096902333	2.1588700680468818
7.2507606277462955	5.300706166540056	2.2459115633401057
7.300760627746295	5.026955863731333	2.426858138542424
7.325760627746296	4.8931654912848845	2.5207632184515183
7.418260627746296	4.416022548592404	2.888104970193498
7.493260627746296	4.049817911373283	3.208942642231242
7.578260627746296	3.657160919233015	3.5974506040809078
7.653260627746296	3.330441452675194	3.9622152176602214
7.653260627746296	3.330441452675194	3.9622152176602214
7.693260627746296	3.163759061554439	4.165175675364656
7.743260627746296	2.962809542152489	4.427112549034244
7.764860627746296	2.8785437741682607	4.5430999305724455
7.789860627746297	2.782930626104958	4.679476872084545
7.939860627746297	2.2524386431359416	5.545783613468236
7.949860627746297	2.2197048556487604	5.606465858996587
7.974860627746297	2.139309950444501	5.759772975894499
8.024860627746298	1.9846896979518103	6.073250794306196
8.049860627746298	1.9104643506633792	6.233421495819979
8.111760627746298	1.735532185625387	6.639849479872926
8.761760627746298	0.9328562205106834	9.033173054855665
9.411760627746299	1.7355321855738508	6.639849479958485
9.4526606277463	1.8497043370041693	6.369732944577081
9.527660627746299	2.073367508127409	5.890319013579092
9.561760627746299	2.181180408067263	5.679154722947052
9.6117606277463	2.346181970006911	5.377226029584954
9.6458606277463	2.463431200552737	5.176559582471094
9.7208606277463	2.73477271524844	4.750187433382791
9.7617606277463	2.8905431191513853	4.526348626423804
10.4117606277463	4.357315023627882	2.9750420664167194
11.0617606277463	2.8905431191888327	4.52634862667542
11.086760627746301	2.7946749627355434	4.662441873370497
11.236760627746301	2.2626529294246986	5.527046445856834
11.239860627746301	2.252438643104888	5.545783613926848
11.249860627746301	2.219704855619006	5.606465859461327
11.274860627746301	2.1393099504179305	5.759772976374718
11.324860627746302	1.9846896979313349	6.073250794818054
11.349860627746303	1.9104643506458148	6.233421496347997
11.411760627746302	1.735532185614639	6.639849480441937
12.061760627746303	0.9328562205457084	9.033173055692577
12.711760627746303	1.7355321856399433	6.639849480604145
12.752660627746303	1.849704337072543	6.3697329451981135
12.827660627746303	2.0733675081998078	5.890319014156073
12.861760627746303	2.1811804081414228	5.679154723504478
12.911760627746304	2.3461819700835767	5.377226030114245
12.945860627746304	2.4634312006310597	5.176559582981561
13.020860627746304	2.7347727153302572	4.750187433852901
13.061760627746304	2.890543119235021	4.52634862687251
13.711760627746305	4.357315023696382	2.975042066699886
14.361760627746305	2.890543119190769	4.5263486270265165
14.386760627746305	2.794674962735213	4.662441873728968
14.536760627746306	2.26265292941236	5.527046446260418
14.539860627746306	2.25243864309233	5.545783614331381
14.549860627746305	2.2197048556057486	5.606465859868923
14.574860627746306	2.139309950402977	5.759772976790002
14.624860627746306	1.9846896979132171	6.073250795248836
14.649860627746307	1.9104643506262289	6.233421496786592
14.711760627746306	1.7355321855917443	6.639849480900055
15.361760627746307	0.9328562205043195	9.033173056204832
16.011760627746305	1.735532185597437	6.639849480889499
16.052660627746306	1.8497043370304553	6.369732945464648
16.127660627746305	2.0733675081588943	5.890319014389452
16.161760627746304	2.181180408101217	5.6791547237233635
16.211760627746305	2.3461819700446065	5.377226030312534
16.245860627746303	2.463431200593066	5.1765595831662505
16.320860627746303	2.734772715294795	4.750187434008956
16.361760627746303	2.890543119201161	4.5263486270136895
17.011760627746302	4.357315023711793	2.9750420666814565
17.6617606277463	2.890543119243882	4.526348626833284
17.6867606277463	2.7946749627885654	4.662441873525377
17.836760627746298	2.2626529294661704	5.5270464459903055
17.839860627746297	2.2524386431461325	5.545783614059814
17.8498606277463	2.2197048556595194	5.606465859592644
17.874860627746298	2.1393099504566364	5.759772976501798
17.9248606277463	1.9846896979665143	6.07325079493616
17.949860627746297	1.9104643506792751	6.233421496461368
18.0117606277463	1.7355321856439687	6.639849480542865
18.661760627746297	0.9328562205442761	9.033173055604772
19.311760627746295	1.735532185608351	6.639849480375777
19.352660627746296	1.84970433703833	6.369732944966852
19.427660627746295	2.073367508160617	5.890319013920379
19.461760627746294	2.1811804080998956	5.679154723267144
19.511760627746295	2.3461819700385407	5.377226029874928
19.545860627746293	2.463431200583574	5.17655958274118
19.620860627746293	2.7347727152772228	4.7501874336110035
19.661760627746293	2.8905431191788673	4.526348626630263
20.311760627746292	4.357315023615374	2.975042066389771
20.96176062774629	2.8905431191457267	4.526348626392844
20.98676062774629	2.7946749626922434	4.6624418730727735
21.136760627746288	2.2626529293810265	5.527046445461831
21.139860627746287	2.252438643061223	5.54578361352972
21.14986062774629	2.2197048555753662	5.606465859057308
21.24986062774629	1.9104643506027628	6.233421495872404
21.311760627746292	1.7355321855722539	6.6398494799196
21.96176062774629	0.9328562205132799	9.033173054815075
22.61176062774629	1.735532185631086	6.639849479852901
22.65266062774629	1.8497043370661526	6.36973294447016
22.72766062774629	2.0733675081984098	5.890319013470121
22.761760627746288	2.1811804081424957	5.679154722837322
22.81176062774629	2.3461819700885	5.377226029474308
22.845860627746287	2.4634312006387633	5.176559582359955
22.920860627746286	2.7347727153445187	4.75018743327095
22.961760627746287	2.8905431192531146	4.526348626311801
23.611760627746285	4.357315023774635	2.9750420662733337
24.261760627746284	2.8905431192704323	4.526348626382427
24.286760627746283	2.7946749628133887	4.662441873067092
24.43676062774628	2.262652929481463	5.527046445487589
24.43986062774628	2.252438643161243	5.545783613556182
24.449860627746283	2.2197048556740473	5.606465859086058
24.47486062774628	2.1393099504697357	5.759772975987833
24.524860627746282	1.9846896979768753	6.073250794407455
24.54986062774628	1.9104643506883263	6.2334214959253025
24.611760627746282	1.7355321856499475	6.6398494799886025
25.26176062774628	0.9328562205294758	9.033173055049991
25.91176062774628	1.7355321855789854	6.639849480124849
25.95266062774628	1.8497043370078745	6.3697329447382876
26.02766062774628	2.0733675081282215	5.890319013730997
26.061760627746278	2.181180408066643	5.679154723094794
26.11176062774628	2.34618197000406	5.377226029726669
26.145860627746277	2.463431200548275	5.17655958260875
26.220860627746276	2.734772715240178	4.750187433511665
26.261760627746277	2.890543119140903	4.526348626547974
26.911760627746276	4.357315023582539	2.975042066511179
27.561760627746274	2.8905431191426723	4.5263486268180495
27.586760627746273	2.7946749626902454	4.662441873517067
27.73676062774627	2.262652929384657	5.527046446027972
27.73986062774627	2.2524386430649566	5.545783614098511
27.749860627746273	2.21970485557943	5.606465859634687
27.77486062774627	2.1393099503792468	5.7597729765523535
27.824860627746272	1.9846896978944477	6.073250795004372
27.84986062774627	1.910464350609832	6.233421496538726
27.911760627746272	1.7355321855809125	6.639849480643774
28.56176062774627	0.9328562205311306	9.03317305594831
29.21176062774627	1.735532185650635	6.639849480773471
29.25266062774627	1.8497043370856276	6.369732945358961
29.32766062774627	2.073367508217581	5.890319014301883
29.361760627746268	2.181180408161457	5.67915472364367
29.41176062774627	2.3461819701070716	5.377226030243979
29.445860627746267	2.463431200657014	5.176559583105014
29.520860627746266	2.7347727153619052	4.7501874339630215
29.561760627746267	2.8905431192699385	4.526348626975638
30.211760627746266	4.357315023771281	2.9750420667375908
30.861760627746264	2.8905431192494184	4.526348627029887
30.886760627746263	2.794674962792188	4.662441873730805
31.03676062774626	2.2626529294595956	5.527046446252074
31.03986062774626	2.2524386431393704	5.545783614322808
31.049860627746263	2.219704855652159	5.606465859859608
31.07486062774626	2.139309950447823	5.759772976778803
31.124860627746262	1.9846896979549786	6.073250795233728
31.14986062774626	1.91046435066647	6.233421496769459
31.211760627746262	1.7355321856282842	6.6398494808777055
31.86176062774626	0.9328562205119377	9.033173056128753
32.51176062774626	1.7355321855729355	6.639849480801428
32.55266062774626	1.8497043370030488	6.369732945377813
32.627660627746266	2.0733675081258864	5.890319014304967
32.66176062774627	2.1811804080655457	5.67915472363998
32.711760627746266	2.346181970004896	5.377226030230806
32.74586062774627	2.463431200550511	5.176559583085678
32.82086062774627	2.734772715245725	4.750187433931001
32.86176062774627	2.890543119148389	4.526348626937205
33.51176062774627	4.357315023621449	2.975042066604431
34.16176062774627	2.8905431191837936	4.52634862669221
34.18676062774627	2.7946749627306486	4.662441873379655
34.336760627746266	2.26265292942064	5.527046445815306
34.33986062774627	2.2524386431008465	5.5457836138841845
34.34986062774627	2.2197048556150185	5.606465859414975
34.374860627746266	2.1393099504140776	5.759772976318983
34.42486062774626	1.9846896979277469	6.073250794742854
34.44986062774626	1.9104643506423573	6.233421496262716
34.51176062774626	1.7355321856114994	6.639849480330693
35.16176062774626	0.9328562205450529	9.033173055313855
35.81176062774626	1.7355321856420476	6.639849480165722
35.85266062774626	1.8497043370748973	6.369732944765849
35.92766062774626	2.0733675082026433	5.890319013735499
35.961760627746266	2.1811804081444874	5.679154723089391
36.01176062774626	2.346181970086988	5.377226029707397
36.045860627746265	2.463431200634716	5.176559582580464
36.12086062774627	2.734772715334473	4.7501874334648315
36.16176062774627	2.890543119239555	4.526348626491763
36.81176062774627	4.357315023704145	2.975042066316444
37.461760627746266	2.8905431191959337	4.526348626324231
37.486760627746264	2.794674962740191	4.662441873003545
37.63676062774626	2.2626529294162734	5.527046445389244
37.639860627746266	2.2524386430962227	5.545783613457069
37.649860627746264	2.2197048556095735	5.606465858984455
37.711760627746266	2.0244049233753745	5.990234862352689
37.749860627746266	1.9104643506294017	6.233421495797667
37.81176062774627	1.7355321855945347	6.639849479843824
38.461760627746266	0.9328562205042532	9.033173054756613
39.111760627746264	1.735532185594542	6.639849479843827
39.152660627746265	1.8497043370273138	6.369732944464034
39.22766062774627	2.0733675081552834	5.890319013469103
39.26176062774627	2.181180408097386	5.679154722838498
39.31176062774627	2.346181970040444	5.377226029478556
39.34586062774627	2.463431200588672	5.1765595823662
39.42086062774627	2.7347727152898753	4.7501874332813045
39.46176062774627	2.890543119195946	4.526348626324233
40.11176062774627	4.357315023704165	2.9750420663164467
40.76176062774627	2.8905431192395667	4.526348626491769
40.78676062774627	2.7946749627844443	4.662441873180797
40.93676062774627	2.2626529294631403	5.527046445629019
40.93986062774627	2.252438643143124	5.545783613698213
40.94986062774627	2.2197048556565786	5.606465859230036
40.97486062774627	2.1393099504538635	5.759772976136728
41.024860627746264	1.9846896979640667	6.073250794566406
41.04986062774626	1.9104643506769847	6.233421496089392
41.111760627746264	1.7355321856420527	6.639849480165731
41.76176062774626	0.9328562205450509	9.033173055313869
42.41176062774626	1.735532185611491	6.639849480330705
42.45266062774626	1.8497043370416673	6.369732944936456
42.527660627746265	2.073367508164323	5.890319013915405
42.56176062774627	2.181180408103772	5.679154723273089
42.611760627746264	2.3461819700426707	5.377226029896162
42.645860627746266	2.463431200587879	5.17655958277235
42.72086062774627	2.7347727152819195	4.750187433662623
42.76176062774627	2.890543119183781	4.5263486266922195
43.41176062774627	4.3573150236214335	2.9750420666044395
44.06176062774627	2.890543119148382	4.52634862693722
44.086760627746266	2.7946749626947334	4.66244187363887
44.236760627746264	2.262652929382603	5.527046446165953
44.23986062774627	2.252438643062782	5.545783614236833
44.249860627746266	2.2197048555768695	5.6064658597741115
44.274860627746264	2.139309950375747	5.7597729766945465
44.32486062774626	1.9846896978891817	6.073250795152157
44.34986062774626	1.9104643506037393	6.233421496689333
44.41176062774626	1.7355321855729344	6.639849480801447
45.06176062774626	0.9328562205119425	9.033173056128781
45.71176062774626	1.7355321856282928	6.639849480877727
45.75266062774626	1.8497043370632489	6.369732945456713
45.82766062774626	2.0733675081953074	5.890319014388164
45.861760627746264	2.181180408139305	5.679154723724931
45.91176062774626	2.3461819700851816	5.377226030318099
45.945860627746264	2.4634312006353594	5.176559583174414
46.020860627746266	2.7347727153409305	4.750187434022466
46.06176062774627	2.8905431192494286	4.526348627029902
46.711760627746266	4.357315023771289	2.9750420667376005
47.361760627746264	2.8905431192699376	4.52634862697565
47.38676062774626	2.7946749628129988	4.662441873673423
47.53676062774626	2.2626529294816358	5.527046446174448
47.539860627746265	2.252438643161426	5.545783614244739
47.54986062774626	2.2197048556742636	5.606465859780103
47.57486062774626	2.139309950470033	5.75977297669566
47.62486062774626	1.9846896979773243	6.073250795143114
47.64986062774626	1.9104643506888463	6.233421496675012
47.71176062774626	1.73553218565063	6.639849480773487
48.36176062774626	0.9328562205311236	9.033173055948325
49.011760627746256	1.7355321855809065	6.639849480643779
49.052660627746256	1.8497043370097992	6.369732945224845
49.12766062774626	2.0733675081301373	5.890319014160456
49.16176062774626	2.1811804080685486	5.679154723499262
49.21176062774626	2.346181970005943	5.377226030095586
49.24586062774626	2.463431200550138	5.176559582954168
49.320860627746264	2.7347727152419834	4.750187433807532
49.361760627746264	2.8905431191426683	4.526348626818052
50.01176062774626	4.357315023582545	2.975042066511176
50.66176062774626	2.890543119140914	4.526348626547962
50.68676062774626	2.794674962688462	4.6624418732313195
50.83676062774626	2.2626529293827673	5.527046445641432
50.83986062774626	2.2524386430630656	5.545783613709764
50.84986062774626	2.219704855577535	5.606465859238788
50.87486062774626	2.1393099503773425	5.759772976138345
50.924860627746256	1.9846896978925315	6.07325079455317
50.949860627746254	1.910464350607913	6.233421496068437
51.011760627746256	1.735532185578996	6.639849480124828
51.661760627746254	0.9328562205294832	9.033173055049959
52.31176062774625	1.7355321856499482	6.639849479988576
52.35266062774625	1.8497043370850454	6.369732944597369
52.427660627746256	2.073367508217213	5.890319013582401
52.46176062774626	2.181180408161196	5.679154722943067
52.511760627746256	2.3461819701069784	5.377226029570758
52.54586062774626	2.4634312006570425	5.176559582450261
52.62086062774626	2.734772715362222	4.7501874333483
52.66176062774626	2.8905431192704247	4.526348626382408
53.31176062774626	4.357315023774614	2.975042066273319
53.96176062774626	2.890543119253096	4.526348626311781
53.98676062774626	2.794674962795806	4.66244187299235
54.136760627746256	2.2626529294628437	5.527046445386486
54.13986062774626	2.2524386431426104	5.5457836134545015
54.14986062774626	2.219704855655374	5.606465858982507
54.24986062774626	1.9104643506694245	6.233421495802297
54.31176062774626	1.7355321856310724	6.639849479852871
54.96176062774626	0.9328562205132747	9.03317305481504
55.61176062774626	1.7355321855722592	6.639849479919577
55.65266062774626	1.8497043370021795	6.36973294453911
55.72766062774626	2.0733675081246377	5.890319013542833
55.76176062774626	2.1811804080641135	5.679154722911568
55.81176062774626	2.3461819700031827	5.377226029550605
55.84586062774626	2.463431200548597	5.176559582437514
55.920860627746265	2.734772715243346	4.7501874333509
55.961760627746266	2.8905431191457422	4.52634862639283
56.611760627746264	4.357315023615405	2.975042066389765
57.26176062774626	2.89054311917889	4.52634862663026
57.28676062774626	2.7946749627258773	4.662441873323956
57.43676062774626	2.262652929416644	5.527046445801617
57.43986062774626	2.252438643096866	5.545783613871445
57.44986062774626	2.2197048556110883	5.606465859405321
57.47486062774626	2.1393099504102726	5.759772976317194
57.52486062774626	1.9846896979241897	6.0732507947574375
57.549860627746256	1.9104643506389227	6.233421496285808
57.61176062774626	1.7355321856083636	6.639849480375775
58.261760627746256	0.9328562205442774	9.033173055604772
58.911760627746254	1.7355321856439578	6.639849480542869
58.952660627746255	1.849704337077052	6.369732945139642
59.02766062774626	2.0733675082052705	5.8903190141025865
59.06176062774626	2.18118040814734	5.679154723453192
59.11176062774626	2.346181970090183	5.377226030066109
59.14586062774626	2.463431200638152	5.176559582935522
59.22086062774626	2.734772715338463	4.750187433811328
59.26176062774626	2.89054311924386	4.526348626833286
59.91176062774626	4.357315023711761	2.9750420666814605
60.56176062774626	2.8905431192011424	4.5263486270136974
60.58676062774626	2.7946749627452188	4.66244187371625
60.73676062774626	2.2626529294202653	5.527046446248507
60.73986062774626	2.252438643100194	5.54578361431949
60.74986062774626	2.219704855613479	5.606465859857097
60.77486062774626	2.1393099504103774	5.759772976778347
60.824860627746254	1.9846896979199729	6.073250795237555
60.84986062774625	1.9104643506326697	6.233421496775511
60.911760627746254	1.7355321855974275	6.639849480889509
61.56176062774625	0.9328562205043216	9.033173056204852
62.21176062774625	1.735532185591757	6.639849480900072
62.25266062774625	1.8497043370242783	6.36973294547558
62.327660627746255	2.0733675081517706	5.89031901440098
62.36176062774626	2.1811804080936485	5.679154723735134
62.411760627746254	2.3461819700363677	5.3772260303246275
62.44586062774626	2.463431200584359	5.176559583178544
62.52086062774626	2.734772715285024	4.750187434021627
62.56176062774626	2.8905431191907915	4.526348627026531
63.21176062774626	4.357315023696411	2.975042066699898
63.86176062774626	2.8905431192350353	4.526348626872529
63.886760627746256	2.7946749627801077	4.662441873566051
64.03676062774626	2.2626529294599043	5.52704644604003
64.03986062774626	2.2524386431399095	5.545783614109734
64.04986062774627	2.2197048556534336	5.6064658596431975
64.07486062774628	2.139309950450888	5.7597729765539505
64.12486062774627	1.9846896979614208	6.073250794991578
64.14986062774628	1.9104643506744987	6.233421496518452
64.21176062774627	1.7355321856399477	6.6398494806041715
64.86176062774628	0.9328562205457029	9.033173055692613
65.51176062774628	1.7355321856146264	6.6398494804419625
65.55266062774628	1.8497043370450117	6.369732945030399
65.62766062774628	2.07336750816806	5.890319013979212
65.66176062774628	2.181180408107691	5.679154723323888
65.71176062774627	2.3461819700468607	5.3772260299286705
65.74586062774627	2.463431200592257	5.176559582792917
65.82086062774627	2.7347727152867187	4.750187433658448
65.86176062774626	2.890543119188815	4.526348626675436
66.51176062774627	4.357315023627865	2.9750420664167274
67.16176062774628	2.8905431191513826	4.52634862642381
67.18676062774628	2.7946749626975613	4.6624418731043
67.33676062774629	2.262652929384473	5.527046445496736
67.33986062774629	2.2524386430646337	5.545783613564694
67.3498606277463	2.2197048555786623	5.60646585909251
67.3748606277463	2.139309950377395	5.759772975989032
67.4248606277463	1.9846896978905513	6.073250794397716
67.4498606277463	1.9104643506049752	6.23342149590988
67.5117606277463	1.7355321855738552	6.639849479958491
68.1617606277463	0.9328562205106928	9.033173054855666
68.81176062774631	1.735532185625397	6.639849479872923
68.83676062774632	1.8046655911139644	6.474014033189507
68.98676062774632	2.2626529294561664	5.5270464454001065
68.98986062774632	2.2728988368172205	5.508344455491002
69.08986062774632	2.6203741487262935	4.923924740393696
69.14276062774631	2.8174957657773834	4.629570840825315
69.19276062774631	3.012275727263505	4.360770382539857
69.27026062774631	3.3304414526752	3.9622152176602152
69.27026062774631	3.3304414526752	3.9622152176602152
69.34526062774631	3.6571609192330197	3.5974506040809016
69.4302606277463	4.049817911373286	3.2089426422312357
69.50526062774631	4.416022548592407	2.8881049701934924
69.59776062774631	4.893165491284886	2.520763218451513
69.62276062774632	5.026955863731334	2.4268581385424186
69.67276062774631	5.300706166540056	2.245911563340101
69.69776062774632	5.440666096902332	2.158870068046877
69.79776062774631	6.021071011404194	1.8335827022602158
70.24776062774632	6.224380731769529	1.3144903132718075
70.34776062774631	5.717879406360459	1.3687081629314972
70.37276062774632	5.595136007477714	1.3847668539921059
70.42276062774631	5.354307528675651	1.4198893104881463
70.44776062774632	5.236222448756334	1.4389530759235782
70.54776062774631	4.779409858957156	1.5252250522480502
70.57276062774632	4.669088643976885	1.5492972749748544
70.62276062774632	4.4531045329797685	1.6004467948032859
70.64776062774632	4.347441636962924	1.6275240919049134
70.74026062774632	3.969990282829601	1.7364197984106313
70.81526062774633	3.6795540128706055	1.8347806136520068
70.90026062774632	3.3672870770244403	1.957154607324925
70.97526062774632	3.1066640484313806	2.0747478985651697
71.00026062774633	3.0228952515426455	2.115949045228467
71.15026062774633	2.552890702954228	2.384191445832013
71.22776062774633	2.3319568825099264	2.536912210829473
71.22776062774633	2.3319568825099264	2.536912210829473
71.67776062774634	1.5392260223678376	3.2515270082755694
71.77776062774633	1.4565040130499691	3.3572152569461755
71.82776062774633	1.4210143923111707	3.412963772935053
71.87776062774633	1.3894390275191293	3.4706485500263127
72.50276062774633	1.328052228739672	4.33508539950097
73.12776062774633	1.869229294067011	5.498285432574895
73.15276062774633	1.90375269041753	5.5498749257626505
73.30276062774634	2.131442912241118	5.869222761479653
73.30278250549263	2.1314786906614875	5.869270565578277
73.45278250549264	2.394402354111802	6.205439499906016
73.47778250549264	2.441647938640267	6.263102801725719
73.77778250549264	3.0849229439436097	6.991502822326741
73.97778250549264	3.5920580664143147	7.514477604024451
74.27778250549264	4.470188428523086	8.35500192851656
74.29278250549264	4.51779391849821	8.39879410252745
74.44278250549264	5.013224385185898	8.845966097707365
74.59278250549265	5.543883155394401	9.309956738470941
74.61778250549266	5.6357512577158975	9.388923658029949
74.62778250549266	5.672772496560769	9.420641237541425
75.07778250549266	6.321297912179624	12.937570947693247
75.12778250549266	6.271533383648232	13.616190099866957
75.20278250549266	6.198744307567985	14.667348758985227
75.25278250549266	6.151456734659045	15.390274485635878
75.32778250549266	6.082383092012476	16.50789300646956
75.37778250549266	6.037572474725989	17.275125307597147
75.82778250549266	8.576927816305135	16.56283826535946
76.02778250549267	11.55380775929194	13.122320420435287
76.47778250549267	15.450317741556852	9.654724202556695
76.52778250549267	15.430671476922072	9.620965320207878
76.57778250549266	15.411361535839593	9.587784354701997
76.67778250549266	15.373750624331532	9.523156174219043
76.70278250549266	15.364558098674705	9.50736032712514
76.72778250549267	15.355449653905952	9.49170895924197
77.02778250549267	15.252706625950752	9.315161923081192
77.05278250549267	15.244691232726973	9.301388784937565
77.07778250549268	15.236759920391268	9.287760126004672
77.15653250549268	15.212325860238478	9.245774202607217
77.25653250549267	15.18250083896615	9.194524797038232
77.33528250549267	15.159960490615028	9.155792906664534
79.13528250549267	14.872224962901413	8.661366611985498
79.21403250549267	14.869588452577595	8.656836201574778
79.31403250549266	14.867442859659521	8.653149352179426
79.39278250549266	14.86670006113737	8.651872974792465
79.68426000549266	14.871209475555274	8.659621663595463
79.88426000549266	14.880915470583437	8.676299823557438
79.93426000549266	14.884182778221227	8.68191415565527
80.13426000549266	14.90061524429538	8.710150652475965
80.18426000549266	14.905564169694669	8.718654568788478
81.85426000549266	15.264069432355912	9.334687041556302
81.88426000549266	15.273940146888672	9.351648244960856
82.08426000549267	15.342839087121554	9.470039769279566
82.26926000549267	15.411361535839479	9.587784354701997
82.31926000549267	15.430671476921958	9.620965320207878
82.36926000549266	15.450317741556736	9.654724202556695
82.81926000549267	11.55380775929184	13.122320420435287
83.01926000549267	8.576927816305053	16.562838265359456
83.46926000549267	6.037572474725919	17.275125307597143
83.51926000549267	6.082383092012403	16.50789300646955
83.59426000549267	6.15145673465897	15.39027448563587
83.64426000549267	6.198744307567907	14.66734875898522
83.71926000549267	6.271533383648152	13.61619009986695
83.76926000549267	6.321297912179541	12.937570947693239
84.21926000549267	5.672772496560685	9.420641237541412
84.22926000549268	5.635751257715814	9.388923658029935
84.25426000549268	5.543883155394319	9.309956738470927
84.40426000549269	5.013224385185821	8.845966097707349
84.4442600054927	4.87766504883596	8.725075742535635
84.54426000549269	4.549726624612225	8.428082322121268
85.54426000549269	2.131478690661449	5.869270565578256
85.54428188323898	2.1314429122410794	5.869222761479633
85.69428188323899	1.9037526904174964	5.54987492576263
85.71928188323899	1.8692292940669784	5.498285432574875
86.34428188323899	1.328052228739662	4.33508539950095
86.96928188323899	1.389439027519142	3.470648550026294
87.06928188323899	1.4565040130499853	3.3572152569461573
87.11928188323898	1.4959078897355427	3.303403002059663
87.16928188323898	1.5392260223678573	3.2515270082755516
87.61928188323898	2.331956882509966	2.536912210829459
87.64428188323899	2.401595445209639	2.4865956718958646
87.794281883239	2.8520350541516706	2.205731958918062
87.794281883239	2.8520350541516706	2.205731958918062
87.871781883239	3.106664048431435	2.0747478985651586
87.946781883239	3.3672870770245003	1.9571546073249149
88.03178188323899	3.6795540128706707	1.834780613651998
88.106781883239	3.969990282829672	1.7364197984106235
88.199281883239	4.347441636963001	1.6275240919049068
88.224281883239	4.4531045329798475	1.6004467948032797
88.274281883239	4.669088643976967	1.5492972749748488
88.299281883239	4.779409858957241	1.525225052248045
88.399281883239	5.236222448756426	1.4389530759235742
88.424281883239	5.354307528675745	1.4198893104881427
88.474281883239	5.595136007477811	1.384766853992103
88.49928188323901	5.7178794063605585	1.3687081629314948
88.599281883239	6.224380731769638	1.3144903132718062
89.049281883239	6.0210710114042945	1.8335827022602207
89.149281883239	5.4406660969024205	2.158870068046884
89.174281883239	5.3007061665401425	2.2459115633401083
89.224281883239	5.0269558637314145	2.4268581385424275
89.24928188323901	4.8931654912849645	2.5207632184515223
89.34178188323901	4.416022548592476	2.8881049701935035
89.41678188323901	4.049817911373348	3.208942642231249
89.501781883239	3.6571609192330743	3.5974506040809167
89.57678188323901	3.330441452675248	3.9622152176602325
89.57678188323901	3.330441452675248	3.9622152176602325
89.61678188323901	3.16375906155449	4.165175675364668
89.66678188323901	2.9628095421525367	4.427112549034257
89.68838188323902	2.878543774168307	4.543099930572459
89.71338188323902	2.782930626105003	4.6794768720845585
89.86338188323903	2.2524386431359766	5.545783613468254
89.87338188323903	2.219704855648795	5.6064658589966045
89.89838188323904	2.139309950444534	5.759772975894518
89.94838188323904	1.9846896979518407	6.073250794306217
89.97338188323904	1.9104643506634083	6.233421495820001
90.03528188323904	1.7355321856254122	6.639849479872951
90.68528188323904	0.9328562205106825	9.033173054855709
91.33528188323905	1.7355321855738248	6.639849479958524
91.37618188323904	1.8497043370041413	6.36973294457712
91.45118188323904	2.0733675081273772	5.890319013579129
91.48528188323904	2.1811804080672283	5.679154722947088
91.53528188323904	2.346181970006873	5.377226029584989
91.56938188323903	2.463431200552697	5.1765595824711275
91.64438188323903	2.7347727152483956	4.750187433382823
91.68528188323903	2.890543119151338	4.526348626423835
92.33528188323903	4.357315023627814	2.9750420664167443
92.98528188323904	2.8905431191887963	4.526348626675459
93.01028188323905	2.7946749627355087	4.662441873370538
93.16028188323905	2.2626529294246733	5.527046445856881
93.16338188323905	2.2524386431048633	5.545783613926895
93.17338188323906	2.2197048556189816	5.606465859461374
93.19838188323907	2.1393099504179074	5.759772976374767
93.24838188323906	1.9846896979313144	6.0732507948181045
93.27338188323907	1.910464350645796	6.23342149634805
93.33528188323906	1.7355321856146235	6.639849480441993
93.98528188323907	0.9328562205457167	9.033173055692648
94.63528188323907	1.7355321856399726	6.639849480604193
94.67618188323907	1.849704337072574	6.369732945198159
94.75118188323907	2.073367508199842	5.8903190141561135
94.78528188323907	2.1811804081414587	5.679154723504517
94.83528188323906	2.346181970083615	5.377226030114281
94.86938188323906	2.4634312006310997	5.176559582981596
94.94438188323906	2.7347727153303008	4.750187433852932
94.98528188323905	2.890543119235067	4.526348626872538
95.63528188323906	4.357315023696436	2.975042066699896
96.28528188323907	2.890543119190791	4.526348627026517
96.31028188323907	2.794674962735234	4.662441873728969
96.46028188323908	2.262652929412372	5.527046446260416
96.46338188323908	2.252438643092342	5.545783614331378
96.47338188323909	2.2197048556057597	5.606465859868919
96.49838188323909	2.139309950402987	5.759772976789997
96.54838188323909	1.9846896979132245	6.073250795248831
96.5733818832391	1.9104643506262349	6.233421496786587
96.63528188323909	1.7355321855917474	6.639849480900048
97.2852818832391	0.932856220504305	9.03317305620481
97.9352818832391	1.7355321855974115	6.639849480889473
97.9761818832391	1.8497043370304291	6.369732945464623
98.0511818832391	2.0733675081588667	5.890319014389428
98.08528188323909	2.181180408101189	5.6791547237233395
98.13528188323909	2.3461819700445776	5.37722603031251
98.16938188323908	2.4634312005930368	5.1765595831662266
98.24438188323909	2.7347727152947643	4.750187434008933
98.28528188323908	2.89054311920113	4.526348627013667
98.93528188323909	4.357315023711769	2.975042066681435
99.58528188323909	2.8905431192438833	4.526348626833246
99.6102818832391	2.7946749627885676	4.662441873525338
99.7602818832391	2.262652929466177	5.527046445990259
99.7633818832391	2.252438643146139	5.545783614059768
99.77338188323911	2.2197048556595265	5.606465859592597
99.79838188323912	2.1393099504566444	5.7597729765017505
99.84838188323911	1.9846896979665236	6.07325079493611
99.87338188323912	1.9104643506792849	6.233421496461316
99.93528188323911	1.7355321856439794	6.63984948054281
100.58528188323912	0.9328562205442933	9.033173055604696
101.23528188323913	1.7355321856083674	6.639849480375722
101.27618188323912	1.8497043370383464	6.3697329449668
101.35118188323912	2.073367508160633	5.8903190139203305
101.38528188323912	2.181180408099911	5.679154723267097
101.43528188323911	2.3461819700385558	5.377226029874883
101.46938188323911	2.4634312005835888	5.176559582741137
101.54438188323911	2.7347727152772365	4.750187433610964
101.5852818832391	2.89054311917888	4.5263486266302255
102.23528188323911	4.3573150236153655	2.97504206638975
102.88528188323912	2.8905431191457027	4.526348626392821
102.91028188323912	2.7946749626922194	4.66244187307275
103.06028188323913	2.2626529293810025	5.5270464454618065
103.06338188323913	2.252438643061199	5.545783613529695
103.07338188323914	2.2197048555753423	5.606465859057283
103.17338188323913	1.9104643506027392	6.233421495872378
103.23528188323913	1.735532185572231	6.639849479919572
103.88528188323913	0.9328562205132629	9.033173054815048
104.53528188323914	1.7355321856310824	6.63984947985289
104.57618188323913	1.8497043370661503	6.369732944470149
104.65118188323913	2.07336750819841	5.890319013470112
104.68528188323913	2.1811804081424975	5.679154722837314
104.73528188323913	2.346181970088504	5.377226029474301
104.76938188323912	2.463431200638769	5.176559582359949
104.84438188323912	2.734772715344528	4.750187433270946
104.88528188323912	2.890543119253126	4.526348626311798
105.53528188323912	4.357315023774679	2.975042066273341
106.18528188323913	2.8905431192704754	4.526348626382453
106.21028188323913	2.794674962813431	4.662441873067118
106.36028188323914	2.2626529294815003	5.527046445487623
106.36338188323914	2.2524386431612804	5.545783613556216
106.37338188323915	2.219704855674084	5.606465859086092
106.39838188323915	2.139309950469772	5.759772975987868
106.44838188323915	1.98468969797691	6.073250794407493
106.47338188323916	1.91046435068836	6.233421495925342
106.53528188323915	1.7355321856499792	6.639849479988644
107.18528188323916	0.9328562205294896	9.033173055050057
107.83528188323916	1.7355321855789754	6.639849480124902
107.87618188323916	1.8497043370078623	6.369732944738339
107.95118188323916	2.073367508128205	5.890319013731045
107.98528188323915	2.1811804080666244	5.679154723094841
108.03528188323915	2.346181970004038	5.377226029726715
108.06938188323915	2.4634312005482504	5.176559582608793
108.14438188323915	2.7347727152401484	4.750187433511705
108.18528188323914	2.89054311914087	4.526348626548012
108.83528188323915	4.3573150235824665	2.975042066511205
109.48528188323915	2.890543119142615	4.526348626818086
109.51028188323916	2.79467496269019	4.662441873517104
109.66028188323916	2.2626529293846107	5.527046446028015
109.66338188323917	2.252438643064911	5.545783614098554
109.67338188323917	2.219704855579385	5.6064658596347305
109.69838188323918	2.1393099503792032	5.759772976552398
109.74838188323918	1.9846896978944073	6.073250795004419
109.77338188323918	1.910464350609793	6.233421496538773
109.83528188323918	1.735532185580877	6.639849480643822
110.48528188323918	0.9328562205311227	9.033173055948367
111.13528188323919	1.7355321856506585	6.6398494807735045
111.17618188323918	1.849704337085654	6.369732945358992
111.25118188323918	2.0733675082176126	5.890319014301911
111.28528188323918	2.1811804081614907	5.679154723643697
111.33528188323918	2.34618197010711	5.377226030244003
111.36938188323917	2.463431200657055	5.176559583105036
111.44438188323917	2.7347727153619523	4.750187433963041
111.48528188323917	2.8905431192699886	4.526348626975656
112.13528188323917	4.357315023771368	2.9750420667375908
112.78528188323918	2.8905431192494766	4.526348627029869
112.81028188323918	2.7946749627922443	4.662441873730787
112.96028188323919	2.26265292945964	5.527046446252048
112.9633818832392	2.2524386431394148	5.545783614322782
112.9733818832392	2.2197048556522025	5.606465859859582
112.9983818832392	2.1393099504478648	5.759772976778774
113.0483818832392	1.9846896979550166	6.0732507952336965
113.07338188323921	1.9104643506665062	6.233421496769426
113.1352818832392	1.735532185628316	6.639849480877669
113.78528188323921	0.9328562205119374	9.033173056128692
114.43528188323921	1.735532185572903	6.6398494808013755
114.4761818832392	1.8497043370030133	6.369732945377763
114.55118188323921	2.073367508125845	5.890319014304919
114.5852818832392	2.1811804080655017	5.679154723639933
114.6352818832392	2.346181970004848	5.37722603023076
114.6693818832392	2.46343120055046	5.176559583085633
114.7443818832392	2.734772715245668	4.750187433930959
114.7852818832392	2.8905431191483286	4.526348626937165
115.4352818832392	4.357315023621361	2.9750420666044004
116.0852818832392	2.890543119183744	4.5263486266921635
116.11028188323921	2.794674962730601	4.662441873379607
116.26028188323922	2.2626529294206046	5.527046445815251
116.26338188323922	2.2524386431008114	5.545783613884129
116.27338188323922	2.219704855614984	5.606465859414919
116.29838188323923	2.1393099504140447	5.759772976318926
116.34838188323923	1.9846896979277178	6.073250794742794
116.37338188323923	1.91046435064233	6.233421496262656
116.43528188323923	1.7355321856114765	6.639849480330629
117.08528188323923	0.9328562205450613	9.033173055313776
117.73528188323924	1.735532185642084	6.639849480165672
117.77618188323923	1.849704337074936	6.369732944765801
117.85118188323924	2.073367508202686	5.890319013735456
117.88528188323923	2.181180408144532	5.679154723089351
117.93528188323923	2.3461819700870357	5.3772260297073595
117.96938188323922	2.463431200634765	5.1765595825804285
118.04438188323923	2.734772715334527	4.7501874334647995
118.08528188323922	2.890543119239612	4.526348626491734
118.73528188323922	4.357315023704216	2.975042066316435
119.38528188323923	2.8905431191959656	4.526348626324237
119.41028188323924	2.7946749627402214	4.662441873003552
119.56028188323924	2.2626529294162934	5.5270464453892565
119.56338188323924	2.252438643096242	5.545783613457082
119.57338188323925	2.2197048556095926	5.6064658589844685
119.63528188323924	2.0244049233753896	5.990234862352704
119.67338188323924	1.9104643506294148	6.233421495797684
119.73528188323924	1.7355321855945443	6.639849479843844
120.38528188323924	0.9328562205042392	9.033173054756654
121.03528188323925	1.7355321855945103	6.639849479843867
121.07618188323924	1.8497043370272808	6.369732944464073
121.15118188323925	2.073367508155248	5.89031901346914
121.18528188323924	2.181180408097349	5.679154722838535
121.23528188323924	2.3461819700404054	5.377226029478592
121.26938188323923	2.4634312005886323	5.176559582366235
121.34438188323924	2.7347727152898336	4.750187433281338
121.38528188323923	2.890543119195903	4.526348626324266
122.03528188323924	4.357315023704122	2.9750420663164765
122.68528188323924	2.890543119239557	4.52634862649182
122.71028188323925	2.794674962784436	4.66244187318085
122.86028188323925	2.2626529294631395	5.527046445629082
122.86338188323926	2.252438643143123	5.545783613698276
122.87338188323926	2.219704855656578	5.6064658592300995
122.89838188323927	2.1393099504538644	5.7597729761367935
122.94838188323926	1.9846896979640696	6.0732507945664755
122.97338188323927	1.9104643506769885	6.233421496089464
123.03528188323926	1.7355321856420587	6.6398494801658074
123.68528188323927	0.9328562205450698	9.033173055313972
124.33528188323928	1.7355321856115151	6.639849480330776
124.37618188323927	1.8497043370416917	6.369732944936524
124.45118188323927	2.0733675081643477	5.890319013915466
124.48528188323927	2.181180408103797	5.679154723273148
124.53528188323926	2.3461819700426956	5.377226029896217
124.56938188323926	2.463431200587904	5.176559582772403
124.64438188323926	2.734772715281944	4.750187433662671
124.68528188323926	2.890543119183805	4.526348626692265
125.33528188323926	4.357315023621438	2.9750420666044612
125.98528188323927	2.8905431191483637	4.526348626937233
126.01028188323927	2.7946749626947147	4.662441873638883
126.16028188323928	2.2626529293825826	5.527046446165966
126.16338188323928	2.2524386430627614	5.5457836142368455
126.17338188323929	2.2197048555768486	5.606465859774124
126.19838188323929	2.1393099503757256	5.759772976694559
126.24838188323929	1.9846896978891602	6.073250795152169
126.2733818832393	1.9104643506037176	6.233421496689345
126.33528188323929	1.7355321855729122	6.639849480801459
126.9852818832393	0.9328562205119219	9.033173056128781
127.6352818832393	1.7355321856282822	6.639849480877716
127.6761818832393	1.8497043370632393	6.369732945456702
127.7511818832393	2.0733675081953002	5.890319014388153
127.78528188323929	2.1811804081392987	5.67915472372492
127.83528188323929	2.346181970085177	5.377226030318087
127.86938188323929	2.4634312006353563	5.176559583174401
127.94438188323929	2.7347727153409305	4.750187434022453
127.98528188323928	2.8905431192494304	4.526348627029889
128.6352818832393	4.357315023771326	2.975042066737581
129.2852818832393	2.890543119269983	4.526348626975608
129.3102818832393	2.7946749628130436	4.662441873673379
129.4602818832393	2.262652929481677	5.527046446174394
129.4633818832393	2.2524386431614674	5.545783614244685
129.47338188323928	2.2197048556743044	5.606465859780048
129.4983818832393	2.139309950470073	5.759772976695603
129.5483818832393	1.9846896979773634	6.073250795143053
129.5733818832393	1.9104643506888848	6.23342149667495
129.63528188323932	1.7355321856506667	6.63984948077342
130.28528188323932	0.9328562205311438	9.03317305594823
130.93528188323933	1.7355321855809018	6.639849480643709
130.97618188323932	1.8497043370097919	6.3697329452247775
131.0511818832393	2.0733675081301253	5.890319014160393
131.0852818832393	2.1811804080685344	5.679154723499201
131.13528188323932	2.3461819700059254	5.377226030095528
131.1693818832393	2.4634312005501178	5.176559582954112
131.2443818832393	2.734772715241957	4.750187433807479
131.2852818832393	2.8905431191426385	4.526348626818002
131.9352818832393	4.357315023582467	2.9750420665111452
132.5852818832393	2.8905431191408475	4.526348626547927
132.6102818832393	2.794674962688397	4.662441873231283
132.76028188323932	2.262652929382712	5.527046445641391
132.7633818832393	2.2524386430630106	5.545783613709723
132.7733818832393	2.219704855577481	5.606465859238747
132.7983818832393	2.13930995037729	5.759772976138303
132.8483818832393	1.9846896978924822	6.073250794553126
132.87338188323932	1.9104643506078651	6.2334214960683925
132.93528188323933	1.7355321855789518	6.6398494801247825
133.58528188323933	0.9328562205294694	9.033173055049911
134.23528188323934	1.7355321856499704	6.639849479988552
134.27618188323933	1.849704337085071	6.369732944597347
134.35118188323932	2.073367508217245	5.890319013582382
134.38528188323932	2.181180408161231	5.67915472294305
134.43528188323933	2.346181970107018	5.377226029570743
134.46938188323932	2.4634312006570855	5.176559582450246
134.5443818832393	2.734772715362273	4.750187433348289
134.5852818832393	2.8905431192704802	4.526348626382399
135.2352818832393	4.357315023774718	2.975042066273326
135.88528188323932	2.89054311925317	4.52634862631181
135.91028188323932	2.794674962795878	4.66244187299238
136.06028188323933	2.2626529294629023	5.527046445386525
136.06338188323932	2.252438643142669	5.545783613454541
136.0733818832393	2.2197048556554315	5.606465858982547
136.1733818832393	1.9104643506694736	6.233421495802343
136.2352818832393	1.7355321856311163	6.639849479852922
136.88528188323932	0.9328562205132795	9.03317305481512
137.53528188323932	1.7355321855722232	6.6398494799196435
137.57618188323931	1.8497043370021398	6.369732944539175
137.6511818832393	2.073367508124591	5.890319013542894
137.6852818832393	2.1811804080640633	5.679154722911627
137.7352818832393	2.3461819700031272	5.377226029550661
137.7693818832393	2.463431200548538	5.1765595824375685
137.8443818832393	2.7347727152432793	4.750187433350951
137.8852818832393	2.890543119145671	4.5263486263928785
138.5352818832393	4.357315023615291	2.9750420663898014
139.1852818832393	2.890543119178818	4.526348626630313
139.2102818832393	2.7946749627258085	4.66244187332401
139.3602818832393	2.262652929416591	5.5270464458016795
139.3633818832393	2.2524386430968133	5.5457836138715075
139.3733818832393	2.219704855611037	5.606465859405384
139.3983818832393	2.1393099504102238	5.759772976317258
139.4483818832393	1.9846896979241455	6.073250794757505
139.4733818832393	1.9104643506388808	6.233421496285877
139.53528188323932	1.7355321856083274	6.639849480375847
140.18528188323933	0.9328562205442825	9.033173055604864
140.83528188323933	1.735532185644002	6.639849480542929
140.87618188323933	1.8497043370770996	6.369732945139698
140.95118188323931	2.0733675082053247	5.890319014102638
140.9852818832393	2.181180408147397	5.679154723453242
141.03528188323932	2.3461819700902447	5.377226030066155
141.06938188323932	2.4634312006382166	5.176559582935567
141.1443818832393	2.734772715338535	4.750187433811368
141.1852818832393	2.8905431192439366	4.526348626833324
141.8352818832393	4.357315023711863	2.975042066681475
142.4852818832393	2.8905431192011948	4.526348627013702
142.51028188323932	2.7946749627452685	4.662441873716254
142.66028188323932	2.2626529294203	5.527046446248508
142.6633818832393	2.252438643100229	5.5457836143194905
142.6733818832393	2.2197048556135126	5.6064658598570976
142.6983818832393	2.139309950410409	5.759772976778348
142.74838188323932	1.9846896979200002	6.073250795237554
142.77338188323932	1.9104643506326948	6.2334214967755095
142.83528188323933	1.7355321855974475	6.639849480889506
143.48528188323934	0.9328562205043062	9.033173056204825
144.13528188323934	1.7355321855917127	6.639849480900038
144.17618188323934	1.8497043370242316	6.369732945475547
144.25118188323933	2.0733675081517196	5.890319014400946
144.28528188323932	2.1811804080935957	5.679154723735101
144.33528188323933	2.346181970036312	5.377226030324596
144.36938188323933	2.463431200584301	5.176559583178512
144.44438188323932	2.7347727152849624	4.750187434021596
144.4852818832393	2.890543119190727	4.5263486270265
145.13528188323932	4.357315023696339	2.9750420666998636
145.78528188323932	2.89054311923501	4.526348626872464
145.81028188323933	2.7946749627800846	4.662441873565983
145.96028188323933	2.2626529294598927	5.52704644603995
145.96338188323932	2.252438643139898	5.545783614109654
145.9733818832393	2.2197048556534225	5.606465859643117
145.99838188323932	2.139309950450879	5.759772976553867
146.04838188323933	1.9846896979614146	6.073250794991489
146.07338188323934	1.910464350674494	6.2334214965183605
146.13528188323934	1.7355321856399464	6.639849480604074
146.78528188323935	0.9328562205457247	9.033173055692481
147.43528188323936	1.7355321856146622	6.639849480441867
147.47618188323935	1.8497043370450486	6.369732945030307
147.55118188323934	2.073367508168098	5.890319013979129
147.58528188323933	2.18118040810773	5.679154723323808
147.63528188323934	2.3461819700469007	5.377226029928595
147.66938188323934	2.463431200592298	5.176559582792845
147.74438188323933	2.7347727152867605	4.750187433658383
147.78528188323932	2.890543119188857	4.526348626675374
148.43528188323933	4.357315023627892	2.975042066416697
149.08528188323933	2.890543119151374	4.526348626423786
149.11028188323934	2.794674962697552	4.662441873104276
149.26028188323934	2.262652929384458	5.527046445496712
149.26338188323933	2.2524386430646186	5.54578361356467
149.27338188323932	2.219704855578647	5.606465859092486
149.29838188323933	2.139309950377379	5.759772975989008
149.34838188323934	1.9846896978905342	6.073250794397693
149.37338188323935	1.9104643506049575	6.233421495909857
149.43528188323936	1.7355321855738362	6.639849479958468
150.08528188323936	0.9328562205106679	9.033173054855657
150.73528188323937	1.735532185625376	6.639849479872932
150.76028188323937	1.804665591113944	6.474014033189517
150.91028188323938	2.2626529294561495	5.527046445400121
150.91338188323937	2.2728988368172036	5.5083444554910175
151.01338188323936	2.6203741487262797	4.923924740393712
151.06628188323936	2.8174957657773714	4.629570840825331
151.11628188323937	3.0122757272634946	4.360770382539874
151.19378188323935	3.330441452675193	3.9622152176602325
151.19378188323935	3.330441452675193	3.9622152176602325
151.26878188323934	3.6571609192330166	3.5974506040809193
151.35378188323935	4.049817911373287	3.208942642231254
151.42878188323934	4.416022548592412	2.8881049701935106
151.52128188323934	4.893165491284897	2.5207632184515316
151.54628188323935	5.026955863731345	2.4268581385424373
151.59628188323936	5.300706166540071	2.245911563340119
151.62128188323936	5.440666096902349	2.158870068046895
151.72128188323936	6.021071011404218	1.8335827022602336
152.17128188323935	6.2243807317695765	1.314490313271827
152.27128188323934	5.717879406360506	1.368708162931518
152.29628188323935	5.595136007477762	1.3847668539921267
152.34628188323936	5.3543075286757	1.4198893104881678
152.37128188323936	5.236222448756383	1.4389530759235998
152.47128188323936	4.779409858957205	1.5252250522480728
152.49628188323936	4.6690886439769335	1.549297274974877
152.54628188323937	4.453104532979817	1.600446794803309
152.57128188323938	4.347441636962973	1.6275240919049365
152.66378188323938	3.96999028282965	1.7364197984106549
152.73878188323937	3.6795540128706534	1.8347806136520304
152.82378188323938	3.367287077024488	1.9571546073249486
152.89878188323937	3.1066640484314267	2.0747478985651933
152.92378188323937	3.0228952515426912	2.1159490452284904
153.07378188323938	2.5528907029542713	2.3841914458320366
153.15128188323936	2.331956882509969	2.536912210829496
153.15128188323936	2.331956882509969	2.536912210829496
153.60128188323935	1.5392260223678746	3.2515270082755876
153.70128188323935	1.4565040130500053	3.357215256946192
153.75128188323936	1.4210143923112062	3.4129637729350684
153.80128188323937	1.3894390275191641	3.4706485500263273
154.42628188323937	1.328052228739691	4.335085399500968
155.05128188323937	1.869229294067001	5.498285432574871
155.07628188323937	1.9037526904175184	5.549874925762626
155.22628188323938	2.131442912241098	5.869222761479623
155.22630376098567	2.1314786906614676	5.869270565578247
155.87630376098568	3.525241202151997	7.447470610213768
156.07630376098567	4.087175907877285	7.996607729486056
156.12630376098568	4.237445224175499	8.138563855299589
156.32630376098567	4.877665048835928	8.725075742535571
156.36630376098566	5.013224385185787	8.845966097707283
156.51630376098566	5.5438831553942745	9.309956738470852
156.54130376098567	5.635751257715768	9.388923658029858
156.55130376098566	5.672772496560638	9.420641237541334
157.00130376098565	6.321297912179471	12.93757094769311
157.05130376098566	6.271533383648079	13.616190099866813
157.12630376098565	6.198744307567833	14.66734875898507
157.17630376098566	6.151456734658894	15.390274485635713
157.25130376098565	6.082383092012326	16.507893006469377
157.30130376098566	6.037572474725839	17.27512530759696
157.75130376098565	8.576927816304918	16.56283826535927
157.95130376098564	11.553807759291649	13.122320420435134
158.40130376098563	15.450317741556464	9.654724202556578
158.45130376098564	15.430671476921686	9.62096532020776
158.50130376098565	15.411361535839207	9.58778435470188
158.70130376098564	15.337485007032285	9.460839661107716
158.78005376098565	15.309872689310264	9.413392423544515
158.88005376098565	15.276011785410345	9.355208015860297
158.95880376098566	15.250293179489992	9.311014811320854
160.75880376098567	14.889911764479713	8.691758478567634
160.83755376098568	14.884096996586667	8.68176675399117
160.93755376098568	14.877915521041	8.671144902480584
161.0163037609857	14.873994464949622	8.664407210927877
161.2013037609857	14.868065192550162	8.654218729144265
161.5013037609857	14.868237171598631	8.6545142469219
161.80130376098572	14.880516798529884	8.675614771045232
162.0013037609857	14.895429687530044	8.701240123986175
162.1470425109857	14.90968591937386	8.725737119343798
162.4470425109857	14.94802680433601	8.791619639438503
162.49704251098572	14.955594084262751	8.804622768404563
162.6970425109857	14.989226439492707	8.862414452698165
162.74704251098572	14.998475337180945	8.878307165878905
162.77204251098573	15.003225907357177	8.886470241285377
162.92204251098573	15.033495027064138	8.938482757149616
163.22204251098574	15.103114002390146	9.05811154363737
163.24704251098575	15.109462109439802	9.069019724047788
163.54704251098576	15.192197703305492	9.211187267410045
163.84704251098577	15.287040945053967	9.374159817117999